(kicad_pcb (version 20171130) (host pcbnew "(5.1.0)-1")

  (general
    (thickness 1.6)
    (drawings 41)
    (tracks 0)
    (zones 0)
    (modules 97)
    (nets 59)
  )

  (page A4)
  (layers
    (0 F.Cu signal)
    (31 B.Cu signal)
    (32 B.Adhes user)
    (33 F.Adhes user)
    (34 B.Paste user)
    (35 F.Paste user)
    (36 B.SilkS user)
    (37 F.SilkS user)
    (38 B.Mask user)
    (39 F.Mask user)
    (40 Dwgs.User user)
    (41 Cmts.User user)
    (42 Eco1.User user)
    (43 Eco2.User user)
    (44 Edge.Cuts user)
    (45 Margin user)
    (46 B.CrtYd user)
    (47 F.CrtYd user)
    (48 B.Fab user)
    (49 F.Fab user)
  )

  (setup
    (last_trace_width 0.15)
    (trace_clearance 0.15)
    (zone_clearance 0.508)
    (zone_45_only no)
    (trace_min 0.15)
    (via_size 0.7)
    (via_drill 0.4)
    (via_min_size 0.4)
    (via_min_drill 0.3)
    (uvia_size 0.3)
    (uvia_drill 0.1)
    (uvias_allowed no)
    (uvia_min_size 0.2)
    (uvia_min_drill 0.1)
    (edge_width 0.05)
    (segment_width 0.2)
    (pcb_text_width 0.3)
    (pcb_text_size 1.5 1.5)
    (mod_edge_width 0.12)
    (mod_text_size 1 1)
    (mod_text_width 0.15)
    (pad_size 1.524 1.524)
    (pad_drill 0.762)
    (pad_to_mask_clearance 0.051)
    (solder_mask_min_width 0.25)
    (aux_axis_origin 0 0)
    (visible_elements 7FFFFFFF)
    (pcbplotparams
      (layerselection 0x010fc_ffffffff)
      (usegerberextensions false)
      (usegerberattributes true)
      (usegerberadvancedattributes false)
      (creategerberjobfile false)
      (excludeedgelayer false)
      (linewidth 0.150000)
      (plotframeref false)
      (viasonmask false)
      (mode 1)
      (useauxorigin false)
      (hpglpennumber 1)
      (hpglpenspeed 20)
      (hpglpendiameter 15.000000)
      (psnegative false)
      (psa4output false)
      (plotreference true)
      (plotvalue true)
      (plotinvisibletext false)
      (padsonsilk false)
      (subtractmaskfromsilk false)
      (outputformat 1)
      (mirror false)
      (drillshape 0)
      (scaleselection 1)
      (outputdirectory "GerberRevB"))
  )

  (net 0 "")
  (net 1 GND)
  (net 2 "Net-(J201-PadT)")
  (net 3 -12V)
  (net 4 +12V)
  (net 5 "Net-(J202-PadT)")
  (net 6 "Net-(J203-PadT)")
  (net 7 "Net-(Q202-Pad1)")
  (net 8 "Net-(Q204-Pad1)")
  (net 9 "Net-(C208-Pad1)")
  (net 10 "Net-(C209-Pad1)")
  (net 11 "Net-(C210-Pad2)")
  (net 12 "Net-(C210-Pad1)")
  (net 13 "Net-(C212-Pad1)")
  (net 14 "Net-(C213-Pad1)")
  (net 15 "Net-(Q206-Pad1)")
  (net 16 "Net-(C207-Pad1)")
  (net 17 "Net-(C209-Pad2)")
  (net 18 "Net-(C212-Pad2)")
  (net 19 "Net-(R217-Pad2)")
  (net 20 "Net-(R217-Pad1)")
  (net 21 "Net-(C207-Pad2)")
  (net 22 "Net-(C208-Pad2)")
  (net 23 "Net-(C211-Pad1)")
  (net 24 "Net-(C211-Pad2)")
  (net 25 /KicadJE_Yousynth_MoogVCF/PNP_B)
  (net 26 "Net-(D203-Pad2)")
  (net 27 CV2)
  (net 28 "Net-(D205-Pad2)")
  (net 29 InAudio)
  (net 30 "Net-(D207-Pad2)")
  (net 31 CV1)
  (net 32 "Net-(J204-PadT)")
  (net 33 "Net-(Q201-Pad3)")
  (net 34 "Net-(Q208-Pad5)")
  (net 35 "Net-(Q208-Pad1)")
  (net 36 "Net-(Q209-Pad1)")
  (net 37 "Net-(Q209-Pad2)")
  (net 38 "Net-(Q209-Pad4)")
  (net 39 "Net-(Q209-Pad5)")
  (net 40 "Net-(Q209-Pad6)")
  (net 41 "Net-(Q210-Pad1)")
  (net 42 "Net-(Q211-Pad3)")
  (net 43 /KicadJE_Yousynth_MoogVCF/PNP_E)
  (net 44 "Net-(Q212-Pad3)")
  (net 45 OutVCF)
  (net 46 "Net-(R211-Pad2)")
  (net 47 "Net-(R211-Pad1)")
  (net 48 /KicadJE_Yousynth_MoogVCF/Coupling)
  (net 49 "Net-(R218-Pad2)")
  (net 50 "Net-(R219-Pad2)")
  (net 51 "Net-(R229-Pad2)")
  (net 52 "Net-(R235-Pad1)")
  (net 53 "Net-(R236-Pad2)")
  (net 54 "Net-(R237-Pad1)")
  (net 55 "Net-(R238-Pad1)")
  (net 56 "Net-(D209-Pad2)")
  (net 57 "Net-(J205-PadT)")
  (net 58 "Net-(R234-Pad1)")

  (net_class Default "This is the default net class."
    (clearance 0.15)
    (trace_width 0.15)
    (via_dia 0.7)
    (via_drill 0.4)
    (uvia_dia 0.3)
    (uvia_drill 0.1)
    (add_net /KicadJE_Yousynth_MoogVCF/Coupling)
    (add_net /KicadJE_Yousynth_MoogVCF/PNP_B)
    (add_net /KicadJE_Yousynth_MoogVCF/PNP_E)
    (add_net CV1)
    (add_net CV2)
    (add_net InAudio)
    (add_net "Net-(C207-Pad1)")
    (add_net "Net-(C207-Pad2)")
    (add_net "Net-(C208-Pad1)")
    (add_net "Net-(C208-Pad2)")
    (add_net "Net-(C209-Pad1)")
    (add_net "Net-(C209-Pad2)")
    (add_net "Net-(C210-Pad1)")
    (add_net "Net-(C210-Pad2)")
    (add_net "Net-(C211-Pad1)")
    (add_net "Net-(C211-Pad2)")
    (add_net "Net-(C212-Pad1)")
    (add_net "Net-(C212-Pad2)")
    (add_net "Net-(C213-Pad1)")
    (add_net "Net-(D203-Pad2)")
    (add_net "Net-(D205-Pad2)")
    (add_net "Net-(D207-Pad2)")
    (add_net "Net-(D209-Pad2)")
    (add_net "Net-(J201-PadT)")
    (add_net "Net-(J202-PadT)")
    (add_net "Net-(J203-PadT)")
    (add_net "Net-(J204-PadT)")
    (add_net "Net-(J205-PadT)")
    (add_net "Net-(Q201-Pad3)")
    (add_net "Net-(Q202-Pad1)")
    (add_net "Net-(Q204-Pad1)")
    (add_net "Net-(Q206-Pad1)")
    (add_net "Net-(Q208-Pad1)")
    (add_net "Net-(Q208-Pad5)")
    (add_net "Net-(Q209-Pad1)")
    (add_net "Net-(Q209-Pad2)")
    (add_net "Net-(Q209-Pad4)")
    (add_net "Net-(Q209-Pad5)")
    (add_net "Net-(Q209-Pad6)")
    (add_net "Net-(Q210-Pad1)")
    (add_net "Net-(Q211-Pad3)")
    (add_net "Net-(Q212-Pad3)")
    (add_net "Net-(R211-Pad1)")
    (add_net "Net-(R211-Pad2)")
    (add_net "Net-(R217-Pad1)")
    (add_net "Net-(R217-Pad2)")
    (add_net "Net-(R218-Pad2)")
    (add_net "Net-(R219-Pad2)")
    (add_net "Net-(R229-Pad2)")
    (add_net "Net-(R234-Pad1)")
    (add_net "Net-(R235-Pad1)")
    (add_net "Net-(R236-Pad2)")
    (add_net "Net-(R237-Pad1)")
    (add_net "Net-(R238-Pad1)")
    (add_net OutVCF)
  )

  (net_class Power ""
    (clearance 0.2)
    (trace_width 0.4)
    (via_dia 0.8)
    (via_drill 0.4)
    (uvia_dia 0.3)
    (uvia_drill 0.1)
    (add_net +12V)
    (add_net -12V)
    (add_net GND)
  )

  (module Capacitor_SMD:C_1206_3216Metric_Pad1.42x1.75mm_HandSolder (layer B.Cu) (tedit 5B301BBE) (tstamp 5D9A4763)
    (at 1.154999 103.674999 90)
    (descr "Capacitor SMD 1206 (3216 Metric), square (rectangular) end terminal, IPC_7351 nominal with elongated pad for handsoldering. (Body size source: http://www.tortai-tech.com/upload/download/2011102023233369053.pdf), generated with kicad-footprint-generator")
    (tags "capacitor handsolder")
    (path /5D99B7BA/5D9E665F)
    (attr smd)
    (fp_text reference C201 (at 0 1.82 90) (layer B.SilkS)
      (effects (font (size 1 1) (thickness 0.15)) (justify mirror))
    )
    (fp_text value 10u (at 0 -1.82 90) (layer B.Fab)
      (effects (font (size 1 1) (thickness 0.15)) (justify mirror))
    )
    (fp_text user %R (at 0 0 90) (layer B.Fab)
      (effects (font (size 0.8 0.8) (thickness 0.12)) (justify mirror))
    )
    (fp_line (start 2.45 -1.12) (end -2.45 -1.12) (layer B.CrtYd) (width 0.05))
    (fp_line (start 2.45 1.12) (end 2.45 -1.12) (layer B.CrtYd) (width 0.05))
    (fp_line (start -2.45 1.12) (end 2.45 1.12) (layer B.CrtYd) (width 0.05))
    (fp_line (start -2.45 -1.12) (end -2.45 1.12) (layer B.CrtYd) (width 0.05))
    (fp_line (start -0.602064 -0.91) (end 0.602064 -0.91) (layer B.SilkS) (width 0.12))
    (fp_line (start -0.602064 0.91) (end 0.602064 0.91) (layer B.SilkS) (width 0.12))
    (fp_line (start 1.6 -0.8) (end -1.6 -0.8) (layer B.Fab) (width 0.1))
    (fp_line (start 1.6 0.8) (end 1.6 -0.8) (layer B.Fab) (width 0.1))
    (fp_line (start -1.6 0.8) (end 1.6 0.8) (layer B.Fab) (width 0.1))
    (fp_line (start -1.6 -0.8) (end -1.6 0.8) (layer B.Fab) (width 0.1))
    (pad 2 smd roundrect (at 1.4875 0 90) (size 1.425 1.75) (layers B.Cu B.Paste B.Mask) (roundrect_rratio 0.175439)
      (net 4 +12V))
    (pad 1 smd roundrect (at -1.4875 0 90) (size 1.425 1.75) (layers B.Cu B.Paste B.Mask) (roundrect_rratio 0.175439)
      (net 1 GND))
    (model ${KISYS3DMOD}/Capacitor_SMD.3dshapes/C_1206_3216Metric.wrl
      (at (xyz 0 0 0))
      (scale (xyz 1 1 1))
      (rotate (xyz 0 0 0))
    )
  )

  (module Capacitor_SMD:C_0805_2012Metric_Pad1.15x1.40mm_HandSolder (layer B.Cu) (tedit 5B36C52B) (tstamp 5D9A4774)
    (at 44.274999 57.954999 90)
    (descr "Capacitor SMD 0805 (2012 Metric), square (rectangular) end terminal, IPC_7351 nominal with elongated pad for handsoldering. (Body size source: https://docs.google.com/spreadsheets/d/1BsfQQcO9C6DZCsRaXUlFlo91Tg2WpOkGARC1WS5S8t0/edit?usp=sharing), generated with kicad-footprint-generator")
    (tags "capacitor handsolder")
    (path /5D99B7BA/5D9E6579)
    (attr smd)
    (fp_text reference C202 (at 0 1.65 90) (layer B.SilkS)
      (effects (font (size 1 1) (thickness 0.15)) (justify mirror))
    )
    (fp_text value 100n (at 0 -1.65 90) (layer B.Fab)
      (effects (font (size 1 1) (thickness 0.15)) (justify mirror))
    )
    (fp_text user %R (at 0 0 90) (layer B.Fab)
      (effects (font (size 0.5 0.5) (thickness 0.08)) (justify mirror))
    )
    (fp_line (start 1.85 -0.95) (end -1.85 -0.95) (layer B.CrtYd) (width 0.05))
    (fp_line (start 1.85 0.95) (end 1.85 -0.95) (layer B.CrtYd) (width 0.05))
    (fp_line (start -1.85 0.95) (end 1.85 0.95) (layer B.CrtYd) (width 0.05))
    (fp_line (start -1.85 -0.95) (end -1.85 0.95) (layer B.CrtYd) (width 0.05))
    (fp_line (start -0.261252 -0.71) (end 0.261252 -0.71) (layer B.SilkS) (width 0.12))
    (fp_line (start -0.261252 0.71) (end 0.261252 0.71) (layer B.SilkS) (width 0.12))
    (fp_line (start 1 -0.6) (end -1 -0.6) (layer B.Fab) (width 0.1))
    (fp_line (start 1 0.6) (end 1 -0.6) (layer B.Fab) (width 0.1))
    (fp_line (start -1 0.6) (end 1 0.6) (layer B.Fab) (width 0.1))
    (fp_line (start -1 -0.6) (end -1 0.6) (layer B.Fab) (width 0.1))
    (pad 2 smd roundrect (at 1.025 0 90) (size 1.15 1.4) (layers B.Cu B.Paste B.Mask) (roundrect_rratio 0.217391)
      (net 4 +12V))
    (pad 1 smd roundrect (at -1.025 0 90) (size 1.15 1.4) (layers B.Cu B.Paste B.Mask) (roundrect_rratio 0.217391)
      (net 1 GND))
    (model ${KISYS3DMOD}/Capacitor_SMD.3dshapes/C_0805_2012Metric.wrl
      (at (xyz 0 0 0))
      (scale (xyz 1 1 1))
      (rotate (xyz 0 0 0))
    )
  )

  (module Capacitor_SMD:C_0805_2012Metric_Pad1.15x1.40mm_HandSolder (layer B.Cu) (tedit 5B36C52B) (tstamp 5D9A4785)
    (at 36.374999 64.404999 90)
    (descr "Capacitor SMD 0805 (2012 Metric), square (rectangular) end terminal, IPC_7351 nominal with elongated pad for handsoldering. (Body size source: https://docs.google.com/spreadsheets/d/1BsfQQcO9C6DZCsRaXUlFlo91Tg2WpOkGARC1WS5S8t0/edit?usp=sharing), generated with kicad-footprint-generator")
    (tags "capacitor handsolder")
    (path /5D99B7BA/5D9E6591)
    (attr smd)
    (fp_text reference C203 (at 0 1.65 90) (layer B.SilkS)
      (effects (font (size 1 1) (thickness 0.15)) (justify mirror))
    )
    (fp_text value 100n (at 0 -1.65 90) (layer B.Fab)
      (effects (font (size 1 1) (thickness 0.15)) (justify mirror))
    )
    (fp_line (start -1 -0.6) (end -1 0.6) (layer B.Fab) (width 0.1))
    (fp_line (start -1 0.6) (end 1 0.6) (layer B.Fab) (width 0.1))
    (fp_line (start 1 0.6) (end 1 -0.6) (layer B.Fab) (width 0.1))
    (fp_line (start 1 -0.6) (end -1 -0.6) (layer B.Fab) (width 0.1))
    (fp_line (start -0.261252 0.71) (end 0.261252 0.71) (layer B.SilkS) (width 0.12))
    (fp_line (start -0.261252 -0.71) (end 0.261252 -0.71) (layer B.SilkS) (width 0.12))
    (fp_line (start -1.85 -0.95) (end -1.85 0.95) (layer B.CrtYd) (width 0.05))
    (fp_line (start -1.85 0.95) (end 1.85 0.95) (layer B.CrtYd) (width 0.05))
    (fp_line (start 1.85 0.95) (end 1.85 -0.95) (layer B.CrtYd) (width 0.05))
    (fp_line (start 1.85 -0.95) (end -1.85 -0.95) (layer B.CrtYd) (width 0.05))
    (fp_text user %R (at 0 0 90) (layer B.Fab)
      (effects (font (size 0.5 0.5) (thickness 0.08)) (justify mirror))
    )
    (pad 1 smd roundrect (at -1.025 0 90) (size 1.15 1.4) (layers B.Cu B.Paste B.Mask) (roundrect_rratio 0.217391)
      (net 1 GND))
    (pad 2 smd roundrect (at 1.025 0 90) (size 1.15 1.4) (layers B.Cu B.Paste B.Mask) (roundrect_rratio 0.217391)
      (net 4 +12V))
    (model ${KISYS3DMOD}/Capacitor_SMD.3dshapes/C_0805_2012Metric.wrl
      (at (xyz 0 0 0))
      (scale (xyz 1 1 1))
      (rotate (xyz 0 0 0))
    )
  )

  (module Capacitor_SMD:C_1206_3216Metric_Pad1.42x1.75mm_HandSolder (layer B.Cu) (tedit 5B301BBE) (tstamp 5D9A4796)
    (at 14.204999 93.464999 90)
    (descr "Capacitor SMD 1206 (3216 Metric), square (rectangular) end terminal, IPC_7351 nominal with elongated pad for handsoldering. (Body size source: http://www.tortai-tech.com/upload/download/2011102023233369053.pdf), generated with kicad-footprint-generator")
    (tags "capacitor handsolder")
    (path /5D99B7BA/5D9E6665)
    (attr smd)
    (fp_text reference C204 (at 0 1.82 90) (layer B.SilkS)
      (effects (font (size 1 1) (thickness 0.15)) (justify mirror))
    )
    (fp_text value 10u (at 0 -1.82 90) (layer B.Fab)
      (effects (font (size 1 1) (thickness 0.15)) (justify mirror))
    )
    (fp_line (start -1.6 -0.8) (end -1.6 0.8) (layer B.Fab) (width 0.1))
    (fp_line (start -1.6 0.8) (end 1.6 0.8) (layer B.Fab) (width 0.1))
    (fp_line (start 1.6 0.8) (end 1.6 -0.8) (layer B.Fab) (width 0.1))
    (fp_line (start 1.6 -0.8) (end -1.6 -0.8) (layer B.Fab) (width 0.1))
    (fp_line (start -0.602064 0.91) (end 0.602064 0.91) (layer B.SilkS) (width 0.12))
    (fp_line (start -0.602064 -0.91) (end 0.602064 -0.91) (layer B.SilkS) (width 0.12))
    (fp_line (start -2.45 -1.12) (end -2.45 1.12) (layer B.CrtYd) (width 0.05))
    (fp_line (start -2.45 1.12) (end 2.45 1.12) (layer B.CrtYd) (width 0.05))
    (fp_line (start 2.45 1.12) (end 2.45 -1.12) (layer B.CrtYd) (width 0.05))
    (fp_line (start 2.45 -1.12) (end -2.45 -1.12) (layer B.CrtYd) (width 0.05))
    (fp_text user %R (at 0 0 90) (layer B.Fab)
      (effects (font (size 0.8 0.8) (thickness 0.12)) (justify mirror))
    )
    (pad 1 smd roundrect (at -1.4875 0 90) (size 1.425 1.75) (layers B.Cu B.Paste B.Mask) (roundrect_rratio 0.175439)
      (net 3 -12V))
    (pad 2 smd roundrect (at 1.4875 0 90) (size 1.425 1.75) (layers B.Cu B.Paste B.Mask) (roundrect_rratio 0.175439)
      (net 1 GND))
    (model ${KISYS3DMOD}/Capacitor_SMD.3dshapes/C_1206_3216Metric.wrl
      (at (xyz 0 0 0))
      (scale (xyz 1 1 1))
      (rotate (xyz 0 0 0))
    )
  )

  (module Capacitor_SMD:C_0805_2012Metric_Pad1.15x1.40mm_HandSolder (layer B.Cu) (tedit 5B36C52B) (tstamp 5D9A47A7)
    (at 16.874999 82.874999 90)
    (descr "Capacitor SMD 0805 (2012 Metric), square (rectangular) end terminal, IPC_7351 nominal with elongated pad for handsoldering. (Body size source: https://docs.google.com/spreadsheets/d/1BsfQQcO9C6DZCsRaXUlFlo91Tg2WpOkGARC1WS5S8t0/edit?usp=sharing), generated with kicad-footprint-generator")
    (tags "capacitor handsolder")
    (path /5D99B7BA/5D9E657F)
    (attr smd)
    (fp_text reference C205 (at 0 1.65 90) (layer B.SilkS)
      (effects (font (size 1 1) (thickness 0.15)) (justify mirror))
    )
    (fp_text value 100n (at 0 -1.65 90) (layer B.Fab)
      (effects (font (size 1 1) (thickness 0.15)) (justify mirror))
    )
    (fp_line (start -1 -0.6) (end -1 0.6) (layer B.Fab) (width 0.1))
    (fp_line (start -1 0.6) (end 1 0.6) (layer B.Fab) (width 0.1))
    (fp_line (start 1 0.6) (end 1 -0.6) (layer B.Fab) (width 0.1))
    (fp_line (start 1 -0.6) (end -1 -0.6) (layer B.Fab) (width 0.1))
    (fp_line (start -0.261252 0.71) (end 0.261252 0.71) (layer B.SilkS) (width 0.12))
    (fp_line (start -0.261252 -0.71) (end 0.261252 -0.71) (layer B.SilkS) (width 0.12))
    (fp_line (start -1.85 -0.95) (end -1.85 0.95) (layer B.CrtYd) (width 0.05))
    (fp_line (start -1.85 0.95) (end 1.85 0.95) (layer B.CrtYd) (width 0.05))
    (fp_line (start 1.85 0.95) (end 1.85 -0.95) (layer B.CrtYd) (width 0.05))
    (fp_line (start 1.85 -0.95) (end -1.85 -0.95) (layer B.CrtYd) (width 0.05))
    (fp_text user %R (at 0 0 90) (layer B.Fab)
      (effects (font (size 0.5 0.5) (thickness 0.08)) (justify mirror))
    )
    (pad 1 smd roundrect (at -1.025 0 90) (size 1.15 1.4) (layers B.Cu B.Paste B.Mask) (roundrect_rratio 0.217391)
      (net 3 -12V))
    (pad 2 smd roundrect (at 1.025 0 90) (size 1.15 1.4) (layers B.Cu B.Paste B.Mask) (roundrect_rratio 0.217391)
      (net 1 GND))
    (model ${KISYS3DMOD}/Capacitor_SMD.3dshapes/C_0805_2012Metric.wrl
      (at (xyz 0 0 0))
      (scale (xyz 1 1 1))
      (rotate (xyz 0 0 0))
    )
  )

  (module Capacitor_SMD:C_0805_2012Metric_Pad1.15x1.40mm_HandSolder (layer B.Cu) (tedit 5B36C52B) (tstamp 5D9A47B8)
    (at 1.874999 98.324999 90)
    (descr "Capacitor SMD 0805 (2012 Metric), square (rectangular) end terminal, IPC_7351 nominal with elongated pad for handsoldering. (Body size source: https://docs.google.com/spreadsheets/d/1BsfQQcO9C6DZCsRaXUlFlo91Tg2WpOkGARC1WS5S8t0/edit?usp=sharing), generated with kicad-footprint-generator")
    (tags "capacitor handsolder")
    (path /5D99B7BA/5D9E658B)
    (attr smd)
    (fp_text reference C206 (at 0 1.65 90) (layer B.SilkS)
      (effects (font (size 1 1) (thickness 0.15)) (justify mirror))
    )
    (fp_text value 100n (at 0 -1.65 90) (layer B.Fab)
      (effects (font (size 1 1) (thickness 0.15)) (justify mirror))
    )
    (fp_text user %R (at 0 0 90) (layer B.Fab)
      (effects (font (size 0.5 0.5) (thickness 0.08)) (justify mirror))
    )
    (fp_line (start 1.85 -0.95) (end -1.85 -0.95) (layer B.CrtYd) (width 0.05))
    (fp_line (start 1.85 0.95) (end 1.85 -0.95) (layer B.CrtYd) (width 0.05))
    (fp_line (start -1.85 0.95) (end 1.85 0.95) (layer B.CrtYd) (width 0.05))
    (fp_line (start -1.85 -0.95) (end -1.85 0.95) (layer B.CrtYd) (width 0.05))
    (fp_line (start -0.261252 -0.71) (end 0.261252 -0.71) (layer B.SilkS) (width 0.12))
    (fp_line (start -0.261252 0.71) (end 0.261252 0.71) (layer B.SilkS) (width 0.12))
    (fp_line (start 1 -0.6) (end -1 -0.6) (layer B.Fab) (width 0.1))
    (fp_line (start 1 0.6) (end 1 -0.6) (layer B.Fab) (width 0.1))
    (fp_line (start -1 0.6) (end 1 0.6) (layer B.Fab) (width 0.1))
    (fp_line (start -1 -0.6) (end -1 0.6) (layer B.Fab) (width 0.1))
    (pad 2 smd roundrect (at 1.025 0 90) (size 1.15 1.4) (layers B.Cu B.Paste B.Mask) (roundrect_rratio 0.217391)
      (net 1 GND))
    (pad 1 smd roundrect (at -1.025 0 90) (size 1.15 1.4) (layers B.Cu B.Paste B.Mask) (roundrect_rratio 0.217391)
      (net 3 -12V))
    (model ${KISYS3DMOD}/Capacitor_SMD.3dshapes/C_0805_2012Metric.wrl
      (at (xyz 0 0 0))
      (scale (xyz 1 1 1))
      (rotate (xyz 0 0 0))
    )
  )

  (module Capacitor_SMD:C_0805_2012Metric_Pad1.15x1.40mm_HandSolder (layer B.Cu) (tedit 5B36C52B) (tstamp 5D9A47C9)
    (at 33.424999 65.774999 90)
    (descr "Capacitor SMD 0805 (2012 Metric), square (rectangular) end terminal, IPC_7351 nominal with elongated pad for handsoldering. (Body size source: https://docs.google.com/spreadsheets/d/1BsfQQcO9C6DZCsRaXUlFlo91Tg2WpOkGARC1WS5S8t0/edit?usp=sharing), generated with kicad-footprint-generator")
    (tags "capacitor handsolder")
    (path /5D99B7BA/5DC961C3)
    (attr smd)
    (fp_text reference C207 (at 0 1.65 90) (layer B.SilkS)
      (effects (font (size 1 1) (thickness 0.15)) (justify mirror))
    )
    (fp_text value 47n (at 0 -1.65 90) (layer B.Fab)
      (effects (font (size 1 1) (thickness 0.15)) (justify mirror))
    )
    (fp_line (start -1 -0.6) (end -1 0.6) (layer B.Fab) (width 0.1))
    (fp_line (start -1 0.6) (end 1 0.6) (layer B.Fab) (width 0.1))
    (fp_line (start 1 0.6) (end 1 -0.6) (layer B.Fab) (width 0.1))
    (fp_line (start 1 -0.6) (end -1 -0.6) (layer B.Fab) (width 0.1))
    (fp_line (start -0.261252 0.71) (end 0.261252 0.71) (layer B.SilkS) (width 0.12))
    (fp_line (start -0.261252 -0.71) (end 0.261252 -0.71) (layer B.SilkS) (width 0.12))
    (fp_line (start -1.85 -0.95) (end -1.85 0.95) (layer B.CrtYd) (width 0.05))
    (fp_line (start -1.85 0.95) (end 1.85 0.95) (layer B.CrtYd) (width 0.05))
    (fp_line (start 1.85 0.95) (end 1.85 -0.95) (layer B.CrtYd) (width 0.05))
    (fp_line (start 1.85 -0.95) (end -1.85 -0.95) (layer B.CrtYd) (width 0.05))
    (fp_text user %R (at 0 0 90) (layer B.Fab)
      (effects (font (size 0.5 0.5) (thickness 0.08)) (justify mirror))
    )
    (pad 1 smd roundrect (at -1.025 0 90) (size 1.15 1.4) (layers B.Cu B.Paste B.Mask) (roundrect_rratio 0.217391)
      (net 16 "Net-(C207-Pad1)"))
    (pad 2 smd roundrect (at 1.025 0 90) (size 1.15 1.4) (layers B.Cu B.Paste B.Mask) (roundrect_rratio 0.217391)
      (net 21 "Net-(C207-Pad2)"))
    (model ${KISYS3DMOD}/Capacitor_SMD.3dshapes/C_0805_2012Metric.wrl
      (at (xyz 0 0 0))
      (scale (xyz 1 1 1))
      (rotate (xyz 0 0 0))
    )
  )

  (module Capacitor_SMD:C_0805_2012Metric_Pad1.15x1.40mm_HandSolder (layer B.Cu) (tedit 5B36C52B) (tstamp 5D9A47DA)
    (at 11.084999 89.314999 90)
    (descr "Capacitor SMD 0805 (2012 Metric), square (rectangular) end terminal, IPC_7351 nominal with elongated pad for handsoldering. (Body size source: https://docs.google.com/spreadsheets/d/1BsfQQcO9C6DZCsRaXUlFlo91Tg2WpOkGARC1WS5S8t0/edit?usp=sharing), generated with kicad-footprint-generator")
    (tags "capacitor handsolder")
    (path /5D99B7BA/5DC520F7)
    (attr smd)
    (fp_text reference C208 (at 0 1.65 90) (layer B.SilkS)
      (effects (font (size 1 1) (thickness 0.15)) (justify mirror))
    )
    (fp_text value 47n (at 0 -1.65 90) (layer B.Fab)
      (effects (font (size 1 1) (thickness 0.15)) (justify mirror))
    )
    (fp_text user %R (at 0 0 90) (layer B.Fab)
      (effects (font (size 0.5 0.5) (thickness 0.08)) (justify mirror))
    )
    (fp_line (start 1.85 -0.95) (end -1.85 -0.95) (layer B.CrtYd) (width 0.05))
    (fp_line (start 1.85 0.95) (end 1.85 -0.95) (layer B.CrtYd) (width 0.05))
    (fp_line (start -1.85 0.95) (end 1.85 0.95) (layer B.CrtYd) (width 0.05))
    (fp_line (start -1.85 -0.95) (end -1.85 0.95) (layer B.CrtYd) (width 0.05))
    (fp_line (start -0.261252 -0.71) (end 0.261252 -0.71) (layer B.SilkS) (width 0.12))
    (fp_line (start -0.261252 0.71) (end 0.261252 0.71) (layer B.SilkS) (width 0.12))
    (fp_line (start 1 -0.6) (end -1 -0.6) (layer B.Fab) (width 0.1))
    (fp_line (start 1 0.6) (end 1 -0.6) (layer B.Fab) (width 0.1))
    (fp_line (start -1 0.6) (end 1 0.6) (layer B.Fab) (width 0.1))
    (fp_line (start -1 -0.6) (end -1 0.6) (layer B.Fab) (width 0.1))
    (pad 2 smd roundrect (at 1.025 0 90) (size 1.15 1.4) (layers B.Cu B.Paste B.Mask) (roundrect_rratio 0.217391)
      (net 22 "Net-(C208-Pad2)"))
    (pad 1 smd roundrect (at -1.025 0 90) (size 1.15 1.4) (layers B.Cu B.Paste B.Mask) (roundrect_rratio 0.217391)
      (net 9 "Net-(C208-Pad1)"))
    (model ${KISYS3DMOD}/Capacitor_SMD.3dshapes/C_0805_2012Metric.wrl
      (at (xyz 0 0 0))
      (scale (xyz 1 1 1))
      (rotate (xyz 0 0 0))
    )
  )

  (module Capacitor_SMD:C_0805_2012Metric_Pad1.15x1.40mm_HandSolder (layer B.Cu) (tedit 5B36C52B) (tstamp 5D9A47EB)
    (at 41.324999 57.954999 90)
    (descr "Capacitor SMD 0805 (2012 Metric), square (rectangular) end terminal, IPC_7351 nominal with elongated pad for handsoldering. (Body size source: https://docs.google.com/spreadsheets/d/1BsfQQcO9C6DZCsRaXUlFlo91Tg2WpOkGARC1WS5S8t0/edit?usp=sharing), generated with kicad-footprint-generator")
    (tags "capacitor handsolder")
    (path /5D99B7BA/5DC3DC71)
    (attr smd)
    (fp_text reference C209 (at 0 1.65 90) (layer B.SilkS)
      (effects (font (size 1 1) (thickness 0.15)) (justify mirror))
    )
    (fp_text value 47n (at 0 -1.65 90) (layer B.Fab)
      (effects (font (size 1 1) (thickness 0.15)) (justify mirror))
    )
    (fp_line (start -1 -0.6) (end -1 0.6) (layer B.Fab) (width 0.1))
    (fp_line (start -1 0.6) (end 1 0.6) (layer B.Fab) (width 0.1))
    (fp_line (start 1 0.6) (end 1 -0.6) (layer B.Fab) (width 0.1))
    (fp_line (start 1 -0.6) (end -1 -0.6) (layer B.Fab) (width 0.1))
    (fp_line (start -0.261252 0.71) (end 0.261252 0.71) (layer B.SilkS) (width 0.12))
    (fp_line (start -0.261252 -0.71) (end 0.261252 -0.71) (layer B.SilkS) (width 0.12))
    (fp_line (start -1.85 -0.95) (end -1.85 0.95) (layer B.CrtYd) (width 0.05))
    (fp_line (start -1.85 0.95) (end 1.85 0.95) (layer B.CrtYd) (width 0.05))
    (fp_line (start 1.85 0.95) (end 1.85 -0.95) (layer B.CrtYd) (width 0.05))
    (fp_line (start 1.85 -0.95) (end -1.85 -0.95) (layer B.CrtYd) (width 0.05))
    (fp_text user %R (at 0 0 90) (layer B.Fab)
      (effects (font (size 0.5 0.5) (thickness 0.08)) (justify mirror))
    )
    (pad 1 smd roundrect (at -1.025 0 90) (size 1.15 1.4) (layers B.Cu B.Paste B.Mask) (roundrect_rratio 0.217391)
      (net 10 "Net-(C209-Pad1)"))
    (pad 2 smd roundrect (at 1.025 0 90) (size 1.15 1.4) (layers B.Cu B.Paste B.Mask) (roundrect_rratio 0.217391)
      (net 17 "Net-(C209-Pad2)"))
    (model ${KISYS3DMOD}/Capacitor_SMD.3dshapes/C_0805_2012Metric.wrl
      (at (xyz 0 0 0))
      (scale (xyz 1 1 1))
      (rotate (xyz 0 0 0))
    )
  )

  (module Capacitor_SMD:C_0805_2012Metric_Pad1.15x1.40mm_HandSolder (layer B.Cu) (tedit 5B36C52B) (tstamp 5D9A47FC)
    (at 26.774999 71.774999 90)
    (descr "Capacitor SMD 0805 (2012 Metric), square (rectangular) end terminal, IPC_7351 nominal with elongated pad for handsoldering. (Body size source: https://docs.google.com/spreadsheets/d/1BsfQQcO9C6DZCsRaXUlFlo91Tg2WpOkGARC1WS5S8t0/edit?usp=sharing), generated with kicad-footprint-generator")
    (tags "capacitor handsolder")
    (path /5D99B7BA/5DCE6B23)
    (attr smd)
    (fp_text reference C210 (at 0 1.65 90) (layer B.SilkS)
      (effects (font (size 1 1) (thickness 0.15)) (justify mirror))
    )
    (fp_text value 47n (at 0 -1.65 90) (layer B.Fab)
      (effects (font (size 1 1) (thickness 0.15)) (justify mirror))
    )
    (fp_text user %R (at 0 0 90) (layer B.Fab)
      (effects (font (size 0.5 0.5) (thickness 0.08)) (justify mirror))
    )
    (fp_line (start 1.85 -0.95) (end -1.85 -0.95) (layer B.CrtYd) (width 0.05))
    (fp_line (start 1.85 0.95) (end 1.85 -0.95) (layer B.CrtYd) (width 0.05))
    (fp_line (start -1.85 0.95) (end 1.85 0.95) (layer B.CrtYd) (width 0.05))
    (fp_line (start -1.85 -0.95) (end -1.85 0.95) (layer B.CrtYd) (width 0.05))
    (fp_line (start -0.261252 -0.71) (end 0.261252 -0.71) (layer B.SilkS) (width 0.12))
    (fp_line (start -0.261252 0.71) (end 0.261252 0.71) (layer B.SilkS) (width 0.12))
    (fp_line (start 1 -0.6) (end -1 -0.6) (layer B.Fab) (width 0.1))
    (fp_line (start 1 0.6) (end 1 -0.6) (layer B.Fab) (width 0.1))
    (fp_line (start -1 0.6) (end 1 0.6) (layer B.Fab) (width 0.1))
    (fp_line (start -1 -0.6) (end -1 0.6) (layer B.Fab) (width 0.1))
    (pad 2 smd roundrect (at 1.025 0 90) (size 1.15 1.4) (layers B.Cu B.Paste B.Mask) (roundrect_rratio 0.217391)
      (net 11 "Net-(C210-Pad2)"))
    (pad 1 smd roundrect (at -1.025 0 90) (size 1.15 1.4) (layers B.Cu B.Paste B.Mask) (roundrect_rratio 0.217391)
      (net 12 "Net-(C210-Pad1)"))
    (model ${KISYS3DMOD}/Capacitor_SMD.3dshapes/C_0805_2012Metric.wrl
      (at (xyz 0 0 0))
      (scale (xyz 1 1 1))
      (rotate (xyz 0 0 0))
    )
  )

  (module Capacitor_SMD:C_0805_2012Metric_Pad1.15x1.40mm_HandSolder (layer B.Cu) (tedit 5B36C52B) (tstamp 5D9A480D)
    (at 8.134999 92.474999 90)
    (descr "Capacitor SMD 0805 (2012 Metric), square (rectangular) end terminal, IPC_7351 nominal with elongated pad for handsoldering. (Body size source: https://docs.google.com/spreadsheets/d/1BsfQQcO9C6DZCsRaXUlFlo91Tg2WpOkGARC1WS5S8t0/edit?usp=sharing), generated with kicad-footprint-generator")
    (tags "capacitor handsolder")
    (path /5D99B7BA/5D9D8A51)
    (attr smd)
    (fp_text reference C211 (at 0 1.65 90) (layer B.SilkS)
      (effects (font (size 1 1) (thickness 0.15)) (justify mirror))
    )
    (fp_text value 10u (at 0 -1.65 90) (layer B.Fab)
      (effects (font (size 1 1) (thickness 0.15)) (justify mirror))
    )
    (fp_line (start -1 -0.6) (end -1 0.6) (layer B.Fab) (width 0.1))
    (fp_line (start -1 0.6) (end 1 0.6) (layer B.Fab) (width 0.1))
    (fp_line (start 1 0.6) (end 1 -0.6) (layer B.Fab) (width 0.1))
    (fp_line (start 1 -0.6) (end -1 -0.6) (layer B.Fab) (width 0.1))
    (fp_line (start -0.261252 0.71) (end 0.261252 0.71) (layer B.SilkS) (width 0.12))
    (fp_line (start -0.261252 -0.71) (end 0.261252 -0.71) (layer B.SilkS) (width 0.12))
    (fp_line (start -1.85 -0.95) (end -1.85 0.95) (layer B.CrtYd) (width 0.05))
    (fp_line (start -1.85 0.95) (end 1.85 0.95) (layer B.CrtYd) (width 0.05))
    (fp_line (start 1.85 0.95) (end 1.85 -0.95) (layer B.CrtYd) (width 0.05))
    (fp_line (start 1.85 -0.95) (end -1.85 -0.95) (layer B.CrtYd) (width 0.05))
    (fp_text user %R (at 0 0 90) (layer B.Fab)
      (effects (font (size 0.5 0.5) (thickness 0.08)) (justify mirror))
    )
    (pad 1 smd roundrect (at -1.025 0 90) (size 1.15 1.4) (layers B.Cu B.Paste B.Mask) (roundrect_rratio 0.217391)
      (net 23 "Net-(C211-Pad1)"))
    (pad 2 smd roundrect (at 1.025 0 90) (size 1.15 1.4) (layers B.Cu B.Paste B.Mask) (roundrect_rratio 0.217391)
      (net 24 "Net-(C211-Pad2)"))
    (model ${KISYS3DMOD}/Capacitor_SMD.3dshapes/C_0805_2012Metric.wrl
      (at (xyz 0 0 0))
      (scale (xyz 1 1 1))
      (rotate (xyz 0 0 0))
    )
  )

  (module Capacitor_SMD:C_0805_2012Metric_Pad1.15x1.40mm_HandSolder (layer B.Cu) (tedit 5B36C52B) (tstamp 5D9A481E)
    (at 13.924999 83.364999 90)
    (descr "Capacitor SMD 0805 (2012 Metric), square (rectangular) end terminal, IPC_7351 nominal with elongated pad for handsoldering. (Body size source: https://docs.google.com/spreadsheets/d/1BsfQQcO9C6DZCsRaXUlFlo91Tg2WpOkGARC1WS5S8t0/edit?usp=sharing), generated with kicad-footprint-generator")
    (tags "capacitor handsolder")
    (path /5D99B7BA/5E1E3C96)
    (attr smd)
    (fp_text reference C212 (at 0 1.65 90) (layer B.SilkS)
      (effects (font (size 1 1) (thickness 0.15)) (justify mirror))
    )
    (fp_text value 10u (at 0 -1.65 90) (layer B.Fab)
      (effects (font (size 1 1) (thickness 0.15)) (justify mirror))
    )
    (fp_text user %R (at 0 0 90) (layer B.Fab)
      (effects (font (size 0.5 0.5) (thickness 0.08)) (justify mirror))
    )
    (fp_line (start 1.85 -0.95) (end -1.85 -0.95) (layer B.CrtYd) (width 0.05))
    (fp_line (start 1.85 0.95) (end 1.85 -0.95) (layer B.CrtYd) (width 0.05))
    (fp_line (start -1.85 0.95) (end 1.85 0.95) (layer B.CrtYd) (width 0.05))
    (fp_line (start -1.85 -0.95) (end -1.85 0.95) (layer B.CrtYd) (width 0.05))
    (fp_line (start -0.261252 -0.71) (end 0.261252 -0.71) (layer B.SilkS) (width 0.12))
    (fp_line (start -0.261252 0.71) (end 0.261252 0.71) (layer B.SilkS) (width 0.12))
    (fp_line (start 1 -0.6) (end -1 -0.6) (layer B.Fab) (width 0.1))
    (fp_line (start 1 0.6) (end 1 -0.6) (layer B.Fab) (width 0.1))
    (fp_line (start -1 0.6) (end 1 0.6) (layer B.Fab) (width 0.1))
    (fp_line (start -1 -0.6) (end -1 0.6) (layer B.Fab) (width 0.1))
    (pad 2 smd roundrect (at 1.025 0 90) (size 1.15 1.4) (layers B.Cu B.Paste B.Mask) (roundrect_rratio 0.217391)
      (net 18 "Net-(C212-Pad2)"))
    (pad 1 smd roundrect (at -1.025 0 90) (size 1.15 1.4) (layers B.Cu B.Paste B.Mask) (roundrect_rratio 0.217391)
      (net 13 "Net-(C212-Pad1)"))
    (model ${KISYS3DMOD}/Capacitor_SMD.3dshapes/C_0805_2012Metric.wrl
      (at (xyz 0 0 0))
      (scale (xyz 1 1 1))
      (rotate (xyz 0 0 0))
    )
  )

  (module Capacitor_THT:CP_Radial_D10.0mm_P5.00mm (layer B.Cu) (tedit 5AE50EF1) (tstamp 5D9A48EA)
    (at 39.974999 81.500353 90)
    (descr "CP, Radial series, Radial, pin pitch=5.00mm, , diameter=10mm, Electrolytic Capacitor")
    (tags "CP Radial series Radial pin pitch 5.00mm  diameter 10mm Electrolytic Capacitor")
    (path /5D99B7BA/5DFE0F73)
    (fp_text reference C213 (at 2.5 6.25 90) (layer B.SilkS)
      (effects (font (size 1 1) (thickness 0.15)) (justify mirror))
    )
    (fp_text value Opt_220u (at 2.5 -6.25 90) (layer B.Fab)
      (effects (font (size 1 1) (thickness 0.15)) (justify mirror))
    )
    (fp_circle (center 2.5 0) (end 7.5 0) (layer B.Fab) (width 0.1))
    (fp_circle (center 2.5 0) (end 7.62 0) (layer B.SilkS) (width 0.12))
    (fp_circle (center 2.5 0) (end 7.75 0) (layer B.CrtYd) (width 0.05))
    (fp_line (start -1.788861 2.1875) (end -0.788861 2.1875) (layer B.Fab) (width 0.1))
    (fp_line (start -1.288861 2.6875) (end -1.288861 1.6875) (layer B.Fab) (width 0.1))
    (fp_line (start 2.5 5.08) (end 2.5 -5.08) (layer B.SilkS) (width 0.12))
    (fp_line (start 2.54 5.08) (end 2.54 -5.08) (layer B.SilkS) (width 0.12))
    (fp_line (start 2.58 5.08) (end 2.58 -5.08) (layer B.SilkS) (width 0.12))
    (fp_line (start 2.62 5.079) (end 2.62 -5.079) (layer B.SilkS) (width 0.12))
    (fp_line (start 2.66 5.078) (end 2.66 -5.078) (layer B.SilkS) (width 0.12))
    (fp_line (start 2.7 5.077) (end 2.7 -5.077) (layer B.SilkS) (width 0.12))
    (fp_line (start 2.74 5.075) (end 2.74 -5.075) (layer B.SilkS) (width 0.12))
    (fp_line (start 2.78 5.073) (end 2.78 -5.073) (layer B.SilkS) (width 0.12))
    (fp_line (start 2.82 5.07) (end 2.82 -5.07) (layer B.SilkS) (width 0.12))
    (fp_line (start 2.86 5.068) (end 2.86 -5.068) (layer B.SilkS) (width 0.12))
    (fp_line (start 2.9 5.065) (end 2.9 -5.065) (layer B.SilkS) (width 0.12))
    (fp_line (start 2.94 5.062) (end 2.94 -5.062) (layer B.SilkS) (width 0.12))
    (fp_line (start 2.98 5.058) (end 2.98 -5.058) (layer B.SilkS) (width 0.12))
    (fp_line (start 3.02 5.054) (end 3.02 -5.054) (layer B.SilkS) (width 0.12))
    (fp_line (start 3.06 5.05) (end 3.06 -5.05) (layer B.SilkS) (width 0.12))
    (fp_line (start 3.1 5.045) (end 3.1 -5.045) (layer B.SilkS) (width 0.12))
    (fp_line (start 3.14 5.04) (end 3.14 -5.04) (layer B.SilkS) (width 0.12))
    (fp_line (start 3.18 5.035) (end 3.18 -5.035) (layer B.SilkS) (width 0.12))
    (fp_line (start 3.221 5.03) (end 3.221 -5.03) (layer B.SilkS) (width 0.12))
    (fp_line (start 3.261 5.024) (end 3.261 -5.024) (layer B.SilkS) (width 0.12))
    (fp_line (start 3.301 5.018) (end 3.301 -5.018) (layer B.SilkS) (width 0.12))
    (fp_line (start 3.341 5.011) (end 3.341 -5.011) (layer B.SilkS) (width 0.12))
    (fp_line (start 3.381 5.004) (end 3.381 -5.004) (layer B.SilkS) (width 0.12))
    (fp_line (start 3.421 4.997) (end 3.421 -4.997) (layer B.SilkS) (width 0.12))
    (fp_line (start 3.461 4.99) (end 3.461 -4.99) (layer B.SilkS) (width 0.12))
    (fp_line (start 3.501 4.982) (end 3.501 -4.982) (layer B.SilkS) (width 0.12))
    (fp_line (start 3.541 4.974) (end 3.541 -4.974) (layer B.SilkS) (width 0.12))
    (fp_line (start 3.581 4.965) (end 3.581 -4.965) (layer B.SilkS) (width 0.12))
    (fp_line (start 3.621 4.956) (end 3.621 -4.956) (layer B.SilkS) (width 0.12))
    (fp_line (start 3.661 4.947) (end 3.661 -4.947) (layer B.SilkS) (width 0.12))
    (fp_line (start 3.701 4.938) (end 3.701 -4.938) (layer B.SilkS) (width 0.12))
    (fp_line (start 3.741 4.928) (end 3.741 -4.928) (layer B.SilkS) (width 0.12))
    (fp_line (start 3.781 4.918) (end 3.781 1.241) (layer B.SilkS) (width 0.12))
    (fp_line (start 3.781 -1.241) (end 3.781 -4.918) (layer B.SilkS) (width 0.12))
    (fp_line (start 3.821 4.907) (end 3.821 1.241) (layer B.SilkS) (width 0.12))
    (fp_line (start 3.821 -1.241) (end 3.821 -4.907) (layer B.SilkS) (width 0.12))
    (fp_line (start 3.861 4.897) (end 3.861 1.241) (layer B.SilkS) (width 0.12))
    (fp_line (start 3.861 -1.241) (end 3.861 -4.897) (layer B.SilkS) (width 0.12))
    (fp_line (start 3.901 4.885) (end 3.901 1.241) (layer B.SilkS) (width 0.12))
    (fp_line (start 3.901 -1.241) (end 3.901 -4.885) (layer B.SilkS) (width 0.12))
    (fp_line (start 3.941 4.874) (end 3.941 1.241) (layer B.SilkS) (width 0.12))
    (fp_line (start 3.941 -1.241) (end 3.941 -4.874) (layer B.SilkS) (width 0.12))
    (fp_line (start 3.981 4.862) (end 3.981 1.241) (layer B.SilkS) (width 0.12))
    (fp_line (start 3.981 -1.241) (end 3.981 -4.862) (layer B.SilkS) (width 0.12))
    (fp_line (start 4.021 4.85) (end 4.021 1.241) (layer B.SilkS) (width 0.12))
    (fp_line (start 4.021 -1.241) (end 4.021 -4.85) (layer B.SilkS) (width 0.12))
    (fp_line (start 4.061 4.837) (end 4.061 1.241) (layer B.SilkS) (width 0.12))
    (fp_line (start 4.061 -1.241) (end 4.061 -4.837) (layer B.SilkS) (width 0.12))
    (fp_line (start 4.101 4.824) (end 4.101 1.241) (layer B.SilkS) (width 0.12))
    (fp_line (start 4.101 -1.241) (end 4.101 -4.824) (layer B.SilkS) (width 0.12))
    (fp_line (start 4.141 4.811) (end 4.141 1.241) (layer B.SilkS) (width 0.12))
    (fp_line (start 4.141 -1.241) (end 4.141 -4.811) (layer B.SilkS) (width 0.12))
    (fp_line (start 4.181 4.797) (end 4.181 1.241) (layer B.SilkS) (width 0.12))
    (fp_line (start 4.181 -1.241) (end 4.181 -4.797) (layer B.SilkS) (width 0.12))
    (fp_line (start 4.221 4.783) (end 4.221 1.241) (layer B.SilkS) (width 0.12))
    (fp_line (start 4.221 -1.241) (end 4.221 -4.783) (layer B.SilkS) (width 0.12))
    (fp_line (start 4.261 4.768) (end 4.261 1.241) (layer B.SilkS) (width 0.12))
    (fp_line (start 4.261 -1.241) (end 4.261 -4.768) (layer B.SilkS) (width 0.12))
    (fp_line (start 4.301 4.754) (end 4.301 1.241) (layer B.SilkS) (width 0.12))
    (fp_line (start 4.301 -1.241) (end 4.301 -4.754) (layer B.SilkS) (width 0.12))
    (fp_line (start 4.341 4.738) (end 4.341 1.241) (layer B.SilkS) (width 0.12))
    (fp_line (start 4.341 -1.241) (end 4.341 -4.738) (layer B.SilkS) (width 0.12))
    (fp_line (start 4.381 4.723) (end 4.381 1.241) (layer B.SilkS) (width 0.12))
    (fp_line (start 4.381 -1.241) (end 4.381 -4.723) (layer B.SilkS) (width 0.12))
    (fp_line (start 4.421 4.707) (end 4.421 1.241) (layer B.SilkS) (width 0.12))
    (fp_line (start 4.421 -1.241) (end 4.421 -4.707) (layer B.SilkS) (width 0.12))
    (fp_line (start 4.461 4.69) (end 4.461 1.241) (layer B.SilkS) (width 0.12))
    (fp_line (start 4.461 -1.241) (end 4.461 -4.69) (layer B.SilkS) (width 0.12))
    (fp_line (start 4.501 4.674) (end 4.501 1.241) (layer B.SilkS) (width 0.12))
    (fp_line (start 4.501 -1.241) (end 4.501 -4.674) (layer B.SilkS) (width 0.12))
    (fp_line (start 4.541 4.657) (end 4.541 1.241) (layer B.SilkS) (width 0.12))
    (fp_line (start 4.541 -1.241) (end 4.541 -4.657) (layer B.SilkS) (width 0.12))
    (fp_line (start 4.581 4.639) (end 4.581 1.241) (layer B.SilkS) (width 0.12))
    (fp_line (start 4.581 -1.241) (end 4.581 -4.639) (layer B.SilkS) (width 0.12))
    (fp_line (start 4.621 4.621) (end 4.621 1.241) (layer B.SilkS) (width 0.12))
    (fp_line (start 4.621 -1.241) (end 4.621 -4.621) (layer B.SilkS) (width 0.12))
    (fp_line (start 4.661 4.603) (end 4.661 1.241) (layer B.SilkS) (width 0.12))
    (fp_line (start 4.661 -1.241) (end 4.661 -4.603) (layer B.SilkS) (width 0.12))
    (fp_line (start 4.701 4.584) (end 4.701 1.241) (layer B.SilkS) (width 0.12))
    (fp_line (start 4.701 -1.241) (end 4.701 -4.584) (layer B.SilkS) (width 0.12))
    (fp_line (start 4.741 4.564) (end 4.741 1.241) (layer B.SilkS) (width 0.12))
    (fp_line (start 4.741 -1.241) (end 4.741 -4.564) (layer B.SilkS) (width 0.12))
    (fp_line (start 4.781 4.545) (end 4.781 1.241) (layer B.SilkS) (width 0.12))
    (fp_line (start 4.781 -1.241) (end 4.781 -4.545) (layer B.SilkS) (width 0.12))
    (fp_line (start 4.821 4.525) (end 4.821 1.241) (layer B.SilkS) (width 0.12))
    (fp_line (start 4.821 -1.241) (end 4.821 -4.525) (layer B.SilkS) (width 0.12))
    (fp_line (start 4.861 4.504) (end 4.861 1.241) (layer B.SilkS) (width 0.12))
    (fp_line (start 4.861 -1.241) (end 4.861 -4.504) (layer B.SilkS) (width 0.12))
    (fp_line (start 4.901 4.483) (end 4.901 1.241) (layer B.SilkS) (width 0.12))
    (fp_line (start 4.901 -1.241) (end 4.901 -4.483) (layer B.SilkS) (width 0.12))
    (fp_line (start 4.941 4.462) (end 4.941 1.241) (layer B.SilkS) (width 0.12))
    (fp_line (start 4.941 -1.241) (end 4.941 -4.462) (layer B.SilkS) (width 0.12))
    (fp_line (start 4.981 4.44) (end 4.981 1.241) (layer B.SilkS) (width 0.12))
    (fp_line (start 4.981 -1.241) (end 4.981 -4.44) (layer B.SilkS) (width 0.12))
    (fp_line (start 5.021 4.417) (end 5.021 1.241) (layer B.SilkS) (width 0.12))
