(kicad_pcb (version 20171130) (host pcbnew "(5.1.0)-1")

  (general
    (thickness 1.6)
    (drawings 46)
    (tracks 1467)
    (zones 0)
    (modules 246)
    (nets 138)
  )

  (page A4)
  (layers
    (0 F.Cu signal)
    (31 B.Cu signal)
    (32 B.Adhes user)
    (33 F.Adhes user)
    (34 B.Paste user)
    (35 F.Paste user)
    (36 B.SilkS user)
    (37 F.SilkS user hide)
    (38 B.Mask user)
    (39 F.Mask user)
    (40 Dwgs.User user)
    (41 Cmts.User user)
    (42 Eco1.User user)
    (43 Eco2.User user)
    (44 Edge.Cuts user)
    (45 Margin user)
    (46 B.CrtYd user)
    (47 F.CrtYd user)
    (48 B.Fab user)
    (49 F.Fab user hide)
  )

  (setup
    (last_trace_width 0.15)
    (trace_clearance 0.15)
    (zone_clearance 0.508)
    (zone_45_only no)
    (trace_min 0.15)
    (via_size 0.7)
    (via_drill 0.4)
    (via_min_size 0.4)
    (via_min_drill 0.3)
    (uvia_size 0.3)
    (uvia_drill 0.1)
    (uvias_allowed no)
    (uvia_min_size 0.2)
    (uvia_min_drill 0.1)
    (edge_width 0.05)
    (segment_width 0.2)
    (pcb_text_width 0.3)
    (pcb_text_size 1.5 1.5)
    (mod_edge_width 0.12)
    (mod_text_size 1 1)
    (mod_text_width 0.15)
    (pad_size 1.524 1.524)
    (pad_drill 0.762)
    (pad_to_mask_clearance 0.051)
    (solder_mask_min_width 0.25)
    (aux_axis_origin 0 0)
    (visible_elements 7FF7FFFF)
    (pcbplotparams
      (layerselection 0x010fc_ffffffff)
      (usegerberextensions false)
      (usegerberattributes true)
      (usegerberadvancedattributes false)
      (creategerberjobfile false)
      (excludeedgelayer false)
      (linewidth 0.150000)
      (plotframeref false)
      (viasonmask false)
      (mode 1)
      (useauxorigin false)
      (hpglpennumber 1)
      (hpglpenspeed 20)
      (hpglpendiameter 15.000000)
      (psnegative false)
      (psa4output false)
      (plotreference true)
      (plotvalue true)
      (plotinvisibletext false)
      (padsonsilk false)
      (subtractmaskfromsilk false)
      (outputformat 1)
      (mirror false)
      (drillshape 0)
      (scaleselection 1)
      (outputdirectory "GerberRevB"))
  )

  (net 0 "")
  (net 1 GND)
  (net 2 "Net-(J201-PadT)")
  (net 3 -12V)
  (net 4 +12V)
  (net 5 "Net-(J202-PadT)")
  (net 6 "Net-(J203-PadT)")
  (net 7 "Net-(Q202-Pad1)")
  (net 8 "Net-(Q204-Pad1)")
  (net 9 "Net-(C208-Pad1)")
  (net 10 "Net-(C209-Pad1)")
  (net 11 "Net-(C210-Pad2)")
  (net 12 "Net-(C210-Pad1)")
  (net 13 "Net-(C212-Pad1)")
  (net 14 "Net-(C213-Pad1)")
  (net 15 "Net-(Q206-Pad1)")
  (net 16 "Net-(C207-Pad1)")
  (net 17 "Net-(C209-Pad2)")
  (net 18 "Net-(C212-Pad2)")
  (net 19 "Net-(R217-Pad2)")
  (net 20 "Net-(R217-Pad1)")
  (net 21 "Net-(D304-Pad2)")
  (net 22 "Net-(C307-Pad2)")
  (net 23 "Net-(C308-Pad1)")
  (net 24 "Net-(D303-Pad2)")
  (net 25 "Net-(J301-PadT)")
  (net 26 "Net-(Q302-Pad1)")
  (net 27 "Net-(Q302-Pad2)")
  (net 28 "Net-(Q303-Pad1)")
  (net 29 "Net-(C207-Pad2)")
  (net 30 "Net-(C208-Pad2)")
  (net 31 "Net-(C211-Pad1)")
  (net 32 "Net-(C211-Pad2)")
  (net 33 /KicadJE_Yousynth_MoogVCF/PNP_B)
  (net 34 "Net-(D203-Pad2)")
  (net 35 CV2)
  (net 36 "Net-(D205-Pad2)")
  (net 37 "Net-(D207-Pad2)")
  (net 38 CV1)
  (net 39 "Net-(J204-PadT)")
  (net 40 "Net-(Q208-Pad5)")
  (net 41 "Net-(Q208-Pad1)")
  (net 42 "Net-(Q209-Pad1)")
  (net 43 "Net-(Q209-Pad2)")
  (net 44 "Net-(Q209-Pad4)")
  (net 45 "Net-(Q209-Pad5)")
  (net 46 "Net-(Q209-Pad6)")
  (net 47 "Net-(Q210-Pad1)")
  (net 48 "Net-(Q211-Pad3)")
  (net 49 /KicadJE_Yousynth_MoogVCF/PNP_E)
  (net 50 "Net-(Q212-Pad3)")
  (net 51 OutVCF)
  (net 52 "Net-(R211-Pad2)")
  (net 53 "Net-(R211-Pad1)")
  (net 54 /KicadJE_Yousynth_MoogVCF/Coupling)
  (net 55 "Net-(R218-Pad2)")
  (net 56 "Net-(R219-Pad2)")
  (net 57 "Net-(R229-Pad2)")
  (net 58 "Net-(R235-Pad1)")
  (net 59 "Net-(R236-Pad2)")
  (net 60 "Net-(R237-Pad1)")
  (net 61 "Net-(R238-Pad1)")
  (net 62 "Net-(D209-Pad2)")
  (net 63 "Net-(J205-PadT)")
  (net 64 InAudio1)
  (net 65 InAudio2)
  (net 66 "Net-(R234-Pad1)")
  (net 67 "Net-(D211-Pad1)")
  (net 68 "Net-(Q201-Pad2)")
  (net 69 "Net-(R243-Pad2)")
  (net 70 "Net-(C305-Pad1)")
  (net 71 555_RST)
  (net 72 "Net-(D304-Pad1)")
  (net 73 "Net-(D305-Pad2)")
  (net 74 ADSRGate)
  (net 75 "Net-(J301-PadS)")
  (net 76 ADSR_out)
  (net 77 555_Dis)
  (net 78 "Net-(Q301-Pad3)")
  (net 79 555_Trig)
  (net 80 "Net-(R301-Pad2)")
  (net 81 "Net-(R301-Pad1)")
  (net 82 555_Out)
  (net 83 "Net-(R305-Pad2)")
  (net 84 "Net-(R306-Pad2)")
  (net 85 "Net-(R307-Pad1)")
  (net 86 "Net-(R309-Pad2)")
  (net 87 "Net-(R313-Pad2)")
  (net 88 "Net-(R315-Pad2)")
  (net 89 "Net-(R316-Pad1)")
  (net 90 555_Threshold)
  (net 91 "Net-(RV303-Pad2)")
  (net 92 "Net-(C405-Pad1)")
  (net 93 "Net-(C405-Pad2)")
  (net 94 "Net-(C406-Pad1)")
  (net 95 "Net-(C406-Pad2)")
  (net 96 "Net-(C407-Pad2)")
  (net 97 "Net-(C407-Pad1)")
  (net 98 Output_Fold)
  (net 99 "Net-(C408-Pad1)")
  (net 100 CV_Fold)
  (net 101 "Net-(D405-Pad1)")
  (net 102 Input_Fold)
  (net 103 "Net-(D408-Pad1)")
  (net 104 "Net-(D412-Pad2)")
  (net 105 "Net-(D414-Pad1)")
  (net 106 "Net-(D416-Pad1)")
  (net 107 "Net-(D418-Pad2)")
  (net 108 "Net-(D420-Pad1)")
  (net 109 "Net-(D422-Pad1)")
  (net 110 "Net-(D422-Pad2)")
  (net 111 "Net-(D424-Pad2)")
  (net 112 "Net-(D426-Pad1)")
  (net 113 "Net-(J401-PadT)")
  (net 114 "Net-(J402-PadT)")
  (net 115 "Net-(J403-PadT)")
  (net 116 "Net-(J404-PadT)")
  (net 117 "Net-(Q401-Pad1)")
  (net 118 "Net-(Q401-Pad3)")
  (net 119 "Net-(Q401-Pad6)")
  (net 120 "Net-(Q402-Pad1)")
  (net 121 "Net-(Q402-Pad2)")
  (net 122 Output_VCA)
  (net 123 "Net-(R406-Pad2)")
  (net 124 "Net-(R407-Pad2)")
  (net 125 "Net-(R408-Pad2)")
  (net 126 "Net-(R409-Pad2)")
  (net 127 "Net-(R413-Pad1)")
  (net 128 "Net-(R417-Pad1)")
  (net 129 "Net-(R417-Pad2)")
  (net 130 "Net-(R418-Pad1)")
  (net 131 "Net-(R422-Pad1)")
  (net 132 "Net-(R423-Pad1)")
  (net 133 "Net-(R428-Pad1)")
  (net 134 "Net-(R430-Pad1)")
  (net 135 "Net-(R432-Pad1)")
  (net 136 "Net-(SW401-Pad2)")
  (net 137 "Net-(SW401-Pad1)")

  (net_class Default "This is the default net class."
    (clearance 0.15)
    (trace_width 0.15)
    (via_dia 0.7)
    (via_drill 0.4)
    (uvia_dia 0.3)
    (uvia_drill 0.1)
    (add_net /KicadJE_Yousynth_MoogVCF/Coupling)
    (add_net /KicadJE_Yousynth_MoogVCF/PNP_B)
    (add_net /KicadJE_Yousynth_MoogVCF/PNP_E)
    (add_net 555_Dis)
    (add_net 555_Out)
    (add_net 555_RST)
    (add_net 555_Threshold)
    (add_net 555_Trig)
    (add_net ADSRGate)
    (add_net ADSR_out)
    (add_net CV1)
    (add_net CV2)
    (add_net CV_Fold)
    (add_net InAudio1)
    (add_net InAudio2)
    (add_net Input_Fold)
    (add_net "Net-(C207-Pad1)")
    (add_net "Net-(C207-Pad2)")
    (add_net "Net-(C208-Pad1)")
    (add_net "Net-(C208-Pad2)")
    (add_net "Net-(C209-Pad1)")
    (add_net "Net-(C209-Pad2)")
    (add_net "Net-(C210-Pad1)")
    (add_net "Net-(C210-Pad2)")
    (add_net "Net-(C211-Pad1)")
    (add_net "Net-(C211-Pad2)")
    (add_net "Net-(C212-Pad1)")
    (add_net "Net-(C212-Pad2)")
    (add_net "Net-(C213-Pad1)")
    (add_net "Net-(C305-Pad1)")
    (add_net "Net-(C307-Pad2)")
    (add_net "Net-(C308-Pad1)")
    (add_net "Net-(C405-Pad1)")
    (add_net "Net-(C405-Pad2)")
    (add_net "Net-(C406-Pad1)")
    (add_net "Net-(C406-Pad2)")
    (add_net "Net-(C407-Pad1)")
    (add_net "Net-(C407-Pad2)")
    (add_net "Net-(C408-Pad1)")
    (add_net "Net-(D203-Pad2)")
    (add_net "Net-(D205-Pad2)")
    (add_net "Net-(D207-Pad2)")
    (add_net "Net-(D209-Pad2)")
    (add_net "Net-(D211-Pad1)")
    (add_net "Net-(D303-Pad2)")
    (add_net "Net-(D304-Pad1)")
    (add_net "Net-(D305-Pad2)")
    (add_net "Net-(D405-Pad1)")
    (add_net "Net-(D408-Pad1)")
    (add_net "Net-(D412-Pad2)")
    (add_net "Net-(D414-Pad1)")
    (add_net "Net-(D416-Pad1)")
    (add_net "Net-(D418-Pad2)")
    (add_net "Net-(D420-Pad1)")
    (add_net "Net-(D422-Pad1)")
    (add_net "Net-(D422-Pad2)")
    (add_net "Net-(D424-Pad2)")
    (add_net "Net-(D426-Pad1)")
    (add_net "Net-(J201-PadT)")
    (add_net "Net-(J202-PadT)")
    (add_net "Net-(J203-PadT)")
    (add_net "Net-(J204-PadT)")
    (add_net "Net-(J205-PadT)")
    (add_net "Net-(J301-PadS)")
    (add_net "Net-(J301-PadT)")
    (add_net "Net-(J401-PadT)")
    (add_net "Net-(J402-PadT)")
    (add_net "Net-(J403-PadT)")
    (add_net "Net-(J404-PadT)")
    (add_net "Net-(Q201-Pad2)")
    (add_net "Net-(Q202-Pad1)")
    (add_net "Net-(Q204-Pad1)")
    (add_net "Net-(Q206-Pad1)")
    (add_net "Net-(Q208-Pad1)")
    (add_net "Net-(Q208-Pad5)")
    (add_net "Net-(Q209-Pad1)")
    (add_net "Net-(Q209-Pad2)")
    (add_net "Net-(Q209-Pad4)")
    (add_net "Net-(Q209-Pad5)")
    (add_net "Net-(Q209-Pad6)")
    (add_net "Net-(Q210-Pad1)")
    (add_net "Net-(Q211-Pad3)")
    (add_net "Net-(Q212-Pad3)")
    (add_net "Net-(Q301-Pad3)")
    (add_net "Net-(Q302-Pad1)")
    (add_net "Net-(Q302-Pad2)")
    (add_net "Net-(Q303-Pad1)")
    (add_net "Net-(Q401-Pad1)")
    (add_net "Net-(Q401-Pad3)")
    (add_net "Net-(Q401-Pad6)")
    (add_net "Net-(Q402-Pad1)")
    (add_net "Net-(Q402-Pad2)")
    (add_net "Net-(R211-Pad1)")
    (add_net "Net-(R211-Pad2)")
    (add_net "Net-(R217-Pad1)")
    (add_net "Net-(R217-Pad2)")
    (add_net "Net-(R218-Pad2)")
    (add_net "Net-(R219-Pad2)")
    (add_net "Net-(R229-Pad2)")
    (add_net "Net-(R234-Pad1)")
    (add_net "Net-(R235-Pad1)")
    (add_net "Net-(R236-Pad2)")
    (add_net "Net-(R237-Pad1)")
    (add_net "Net-(R238-Pad1)")
    (add_net "Net-(R243-Pad2)")
    (add_net "Net-(R301-Pad1)")
    (add_net "Net-(R301-Pad2)")
    (add_net "Net-(R305-Pad2)")
    (add_net "Net-(R306-Pad2)")
    (add_net "Net-(R307-Pad1)")
    (add_net "Net-(R309-Pad2)")
    (add_net "Net-(R313-Pad2)")
    (add_net "Net-(R315-Pad2)")
    (add_net "Net-(R316-Pad1)")
    (add_net "Net-(R406-Pad2)")
    (add_net "Net-(R407-Pad2)")
    (add_net "Net-(R408-Pad2)")
    (add_net "Net-(R409-Pad2)")
    (add_net "Net-(R413-Pad1)")
    (add_net "Net-(R417-Pad1)")
    (add_net "Net-(R417-Pad2)")
    (add_net "Net-(R418-Pad1)")
    (add_net "Net-(R422-Pad1)")
    (add_net "Net-(R423-Pad1)")
    (add_net "Net-(R428-Pad1)")
    (add_net "Net-(R430-Pad1)")
    (add_net "Net-(R432-Pad1)")
    (add_net "Net-(RV303-Pad2)")
    (add_net "Net-(SW401-Pad1)")
    (add_net "Net-(SW401-Pad2)")
    (add_net OutVCF)
    (add_net Output_Fold)
    (add_net Output_VCA)
  )

  (net_class Power ""
    (clearance 0.2)
    (trace_width 0.4)
    (via_dia 0.8)
    (via_drill 0.4)
    (uvia_dia 0.3)
    (uvia_drill 0.1)
    (add_net +12V)
    (add_net -12V)
    (add_net GND)
    (add_net "Net-(D304-Pad2)")
  )

  (module Capacitor_SMD:C_1206_3216Metric_Pad1.42x1.75mm_HandSolder (layer F.Cu) (tedit 5B301BBE) (tstamp 5D9A4763)
    (at 65.75 59.5 180)
    (descr "Capacitor SMD 1206 (3216 Metric), square (rectangular) end terminal, IPC_7351 nominal with elongated pad for handsoldering. (Body size source: http://www.tortai-tech.com/upload/download/2011102023233369053.pdf), generated with kicad-footprint-generator")
    (tags "capacitor handsolder")
    (path /5D99B7BA/5D9E665F)
    (attr smd)
    (fp_text reference C201 (at 0 -1.82 180) (layer F.SilkS)
      (effects (font (size 1 1) (thickness 0.15)))
    )
    (fp_text value 10u (at 0 1.82 180) (layer F.Fab)
      (effects (font (size 1 1) (thickness 0.15)))
    )
    (fp_text user %R (at 0 0 180) (layer F.Fab)
      (effects (font (size 0.8 0.8) (thickness 0.12)))
    )
    (fp_line (start 2.45 1.12) (end -2.45 1.12) (layer F.CrtYd) (width 0.05))
    (fp_line (start 2.45 -1.12) (end 2.45 1.12) (layer F.CrtYd) (width 0.05))
    (fp_line (start -2.45 -1.12) (end 2.45 -1.12) (layer F.CrtYd) (width 0.05))
    (fp_line (start -2.45 1.12) (end -2.45 -1.12) (layer F.CrtYd) (width 0.05))
    (fp_line (start -0.602064 0.91) (end 0.602064 0.91) (layer F.SilkS) (width 0.12))
    (fp_line (start -0.602064 -0.91) (end 0.602064 -0.91) (layer F.SilkS) (width 0.12))
    (fp_line (start 1.6 0.8) (end -1.6 0.8) (layer F.Fab) (width 0.1))
    (fp_line (start 1.6 -0.8) (end 1.6 0.8) (layer F.Fab) (width 0.1))
    (fp_line (start -1.6 -0.8) (end 1.6 -0.8) (layer F.Fab) (width 0.1))
    (fp_line (start -1.6 0.8) (end -1.6 -0.8) (layer F.Fab) (width 0.1))
    (pad 2 smd roundrect (at 1.4875 0 180) (size 1.425 1.75) (layers F.Cu F.Paste F.Mask) (roundrect_rratio 0.175439)
      (net 4 +12V))
    (pad 1 smd roundrect (at -1.4875 0 180) (size 1.425 1.75) (layers F.Cu F.Paste F.Mask) (roundrect_rratio 0.175439)
      (net 1 GND))
    (model ${KISYS3DMOD}/Capacitor_SMD.3dshapes/C_1206_3216Metric.wrl
      (at (xyz 0 0 0))
      (scale (xyz 1 1 1))
      (rotate (xyz 0 0 0))
    )
  )

  (module Capacitor_SMD:C_0805_2012Metric_Pad1.15x1.40mm_HandSolder (layer B.Cu) (tedit 5B36C52B) (tstamp 5D9A4774)
    (at 66.75 125.75)
    (descr "Capacitor SMD 0805 (2012 Metric), square (rectangular) end terminal, IPC_7351 nominal with elongated pad for handsoldering. (Body size source: https://docs.google.com/spreadsheets/d/1BsfQQcO9C6DZCsRaXUlFlo91Tg2WpOkGARC1WS5S8t0/edit?usp=sharing), generated with kicad-footprint-generator")
    (tags "capacitor handsolder")
    (path /5D99B7BA/5D9E6579)
    (attr smd)
    (fp_text reference C202 (at 3.75 0) (layer B.SilkS)
      (effects (font (size 1 1) (thickness 0.15)) (justify mirror))
    )
    (fp_text value 100n (at 1 -2) (layer B.SilkS)
      (effects (font (size 1 1) (thickness 0.15)) (justify mirror))
    )
    (fp_text user %R (at 0 0) (layer B.Fab)
      (effects (font (size 0.5 0.5) (thickness 0.08)) (justify mirror))
    )
    (fp_line (start 1.85 -0.95) (end -1.85 -0.95) (layer B.CrtYd) (width 0.05))
    (fp_line (start 1.85 0.95) (end 1.85 -0.95) (layer B.CrtYd) (width 0.05))
    (fp_line (start -1.85 0.95) (end 1.85 0.95) (layer B.CrtYd) (width 0.05))
    (fp_line (start -1.85 -0.95) (end -1.85 0.95) (layer B.CrtYd) (width 0.05))
    (fp_line (start -0.261252 -0.71) (end 0.261252 -0.71) (layer B.SilkS) (width 0.12))
    (fp_line (start -0.261252 0.71) (end 0.261252 0.71) (layer B.SilkS) (width 0.12))
    (fp_line (start 1 -0.6) (end -1 -0.6) (layer B.Fab) (width 0.1))
    (fp_line (start 1 0.6) (end 1 -0.6) (layer B.Fab) (width 0.1))
    (fp_line (start -1 0.6) (end 1 0.6) (layer B.Fab) (width 0.1))
    (fp_line (start -1 -0.6) (end -1 0.6) (layer B.Fab) (width 0.1))
    (pad 2 smd roundrect (at 1.025 0) (size 1.15 1.4) (layers B.Cu B.Paste B.Mask) (roundrect_rratio 0.217391)
      (net 4 +12V))
    (pad 1 smd roundrect (at -1.025 0) (size 1.15 1.4) (layers B.Cu B.Paste B.Mask) (roundrect_rratio 0.217391)
      (net 1 GND))
    (model ${KISYS3DMOD}/Capacitor_SMD.3dshapes/C_0805_2012Metric.wrl
      (at (xyz 0 0 0))
      (scale (xyz 1 1 1))
      (rotate (xyz 0 0 0))
    )
  )

  (module Capacitor_SMD:C_0805_2012Metric_Pad1.15x1.40mm_HandSolder (layer B.Cu) (tedit 5B36C52B) (tstamp 5D9A4785)
    (at 67.25 99)
    (descr "Capacitor SMD 0805 (2012 Metric), square (rectangular) end terminal, IPC_7351 nominal with elongated pad for handsoldering. (Body size source: https://docs.google.com/spreadsheets/d/1BsfQQcO9C6DZCsRaXUlFlo91Tg2WpOkGARC1WS5S8t0/edit?usp=sharing), generated with kicad-footprint-generator")
    (tags "capacitor handsolder")
    (path /5D99B7BA/5D9E6591)
    (attr smd)
    (fp_text reference C203 (at 0 -1.75) (layer B.SilkS)
      (effects (font (size 1 1) (thickness 0.15)) (justify mirror))
    )
    (fp_text value 100n (at -0.25 -3) (layer B.SilkS)
      (effects (font (size 1 1) (thickness 0.15)) (justify mirror))
    )
    (fp_line (start -1 -0.6) (end -1 0.6) (layer B.Fab) (width 0.1))
    (fp_line (start -1 0.6) (end 1 0.6) (layer B.Fab) (width 0.1))
    (fp_line (start 1 0.6) (end 1 -0.6) (layer B.Fab) (width 0.1))
    (fp_line (start 1 -0.6) (end -1 -0.6) (layer B.Fab) (width 0.1))
    (fp_line (start -0.261252 0.71) (end 0.261252 0.71) (layer B.SilkS) (width 0.12))
    (fp_line (start -0.261252 -0.71) (end 0.261252 -0.71) (layer B.SilkS) (width 0.12))
    (fp_line (start -1.85 -0.95) (end -1.85 0.95) (layer B.CrtYd) (width 0.05))
    (fp_line (start -1.85 0.95) (end 1.85 0.95) (layer B.CrtYd) (width 0.05))
    (fp_line (start 1.85 0.95) (end 1.85 -0.95) (layer B.CrtYd) (width 0.05))
    (fp_line (start 1.85 -0.95) (end -1.85 -0.95) (layer B.CrtYd) (width 0.05))
    (fp_text user %R (at 0 0) (layer B.Fab)
      (effects (font (size 0.5 0.5) (thickness 0.08)) (justify mirror))
    )
    (pad 1 smd roundrect (at -1.025 0) (size 1.15 1.4) (layers B.Cu B.Paste B.Mask) (roundrect_rratio 0.217391)
      (net 1 GND))
    (pad 2 smd roundrect (at 1.025 0) (size 1.15 1.4) (layers B.Cu B.Paste B.Mask) (roundrect_rratio 0.217391)
      (net 4 +12V))
    (model ${KISYS3DMOD}/Capacitor_SMD.3dshapes/C_0805_2012Metric.wrl
      (at (xyz 0 0 0))
      (scale (xyz 1 1 1))
      (rotate (xyz 0 0 0))
    )
  )

  (module Capacitor_SMD:C_1206_3216Metric_Pad1.42x1.75mm_HandSolder (layer F.Cu) (tedit 5B301BBE) (tstamp 5D9A4796)
    (at 73.2625 59.5 180)
    (descr "Capacitor SMD 1206 (3216 Metric), square (rectangular) end terminal, IPC_7351 nominal with elongated pad for handsoldering. (Body size source: http://www.tortai-tech.com/upload/download/2011102023233369053.pdf), generated with kicad-footprint-generator")
    (tags "capacitor handsolder")
    (path /5D99B7BA/5D9E6665)
    (attr smd)
    (fp_text reference C204 (at 0 -1.82 180) (layer F.SilkS)
      (effects (font (size 1 1) (thickness 0.15)))
    )
    (fp_text value 10u (at 0 1.82 180) (layer F.Fab)
      (effects (font (size 1 1) (thickness 0.15)))
    )
    (fp_line (start -1.6 0.8) (end -1.6 -0.8) (layer F.Fab) (width 0.1))
    (fp_line (start -1.6 -0.8) (end 1.6 -0.8) (layer F.Fab) (width 0.1))
    (fp_line (start 1.6 -0.8) (end 1.6 0.8) (layer F.Fab) (width 0.1))
    (fp_line (start 1.6 0.8) (end -1.6 0.8) (layer F.Fab) (width 0.1))
    (fp_line (start -0.602064 -0.91) (end 0.602064 -0.91) (layer F.SilkS) (width 0.12))
    (fp_line (start -0.602064 0.91) (end 0.602064 0.91) (layer F.SilkS) (width 0.12))
    (fp_line (start -2.45 1.12) (end -2.45 -1.12) (layer F.CrtYd) (width 0.05))
    (fp_line (start -2.45 -1.12) (end 2.45 -1.12) (layer F.CrtYd) (width 0.05))
    (fp_line (start 2.45 -1.12) (end 2.45 1.12) (layer F.CrtYd) (width 0.05))
    (fp_line (start 2.45 1.12) (end -2.45 1.12) (layer F.CrtYd) (width 0.05))
    (fp_text user %R (at 0 0 180) (layer F.Fab)
      (effects (font (size 0.8 0.8) (thickness 0.12)))
    )
    (pad 1 smd roundrect (at -1.4875 0 180) (size 1.425 1.75) (layers F.Cu F.Paste F.Mask) (roundrect_rratio 0.175439)
      (net 3 -12V))
    (pad 2 smd roundrect (at 1.4875 0 180) (size 1.425 1.75) (layers F.Cu F.Paste F.Mask) (roundrect_rratio 0.175439)
      (net 1 GND))
    (model ${KISYS3DMOD}/Capacitor_SMD.3dshapes/C_1206_3216Metric.wrl
      (at (xyz 0 0 0))
      (scale (xyz 1 1 1))
      (rotate (xyz 0 0 0))
    )
  )

  (module Capacitor_SMD:C_0805_2012Metric_Pad1.15x1.40mm_HandSolder (layer B.Cu) (tedit 5B36C52B) (tstamp 5D9A47A7)
    (at 72.5 99)
    (descr "Capacitor SMD 0805 (2012 Metric), square (rectangular) end terminal, IPC_7351 nominal with elongated pad for handsoldering. (Body size source: https://docs.google.com/spreadsheets/d/1BsfQQcO9C6DZCsRaXUlFlo91Tg2WpOkGARC1WS5S8t0/edit?usp=sharing), generated with kicad-footprint-generator")
    (tags "capacitor handsolder")
    (path /5D99B7BA/5D9E657F)
    (attr smd)
    (fp_text reference C205 (at 0 -1.75) (layer B.SilkS)
      (effects (font (size 1 1) (thickness 0.15)) (justify mirror))
    )
    (fp_text value 100n (at 0 1.75) (layer B.SilkS)
      (effects (font (size 1 1) (thickness 0.15)) (justify mirror))
    )
    (fp_line (start -1 -0.6) (end -1 0.6) (layer B.Fab) (width 0.1))
    (fp_line (start -1 0.6) (end 1 0.6) (layer B.Fab) (width 0.1))
    (fp_line (start 1 0.6) (end 1 -0.6) (layer B.Fab) (width 0.1))
    (fp_line (start 1 -0.6) (end -1 -0.6) (layer B.Fab) (width 0.1))
    (fp_line (start -0.261252 0.71) (end 0.261252 0.71) (layer B.SilkS) (width 0.12))
    (fp_line (start -0.261252 -0.71) (end 0.261252 -0.71) (layer B.SilkS) (width 0.12))
    (fp_line (start -1.85 -0.95) (end -1.85 0.95) (layer B.CrtYd) (width 0.05))
    (fp_line (start -1.85 0.95) (end 1.85 0.95) (layer B.CrtYd) (width 0.05))
    (fp_line (start 1.85 0.95) (end 1.85 -0.95) (layer B.CrtYd) (width 0.05))
    (fp_line (start 1.85 -0.95) (end -1.85 -0.95) (layer B.CrtYd) (width 0.05))
    (fp_text user %R (at 0 0) (layer B.Fab)
      (effects (font (size 0.5 0.5) (thickness 0.08)) (justify mirror))
    )
    (pad 1 smd roundrect (at -1.025 0) (size 1.15 1.4) (layers B.Cu B.Paste B.Mask) (roundrect_rratio 0.217391)
      (net 3 -12V))
    (pad 2 smd roundrect (at 1.025 0) (size 1.15 1.4) (layers B.Cu B.Paste B.Mask) (roundrect_rratio 0.217391)
      (net 1 GND))
    (model ${KISYS3DMOD}/Capacitor_SMD.3dshapes/C_0805_2012Metric.wrl
      (at (xyz 0 0 0))
      (scale (xyz 1 1 1))
      (rotate (xyz 0 0 0))
    )
  )

  (module Capacitor_SMD:C_0805_2012Metric_Pad1.15x1.40mm_HandSolder (layer B.Cu) (tedit 5B36C52B) (tstamp 5D9A47B8)
    (at 73 134.25 180)
    (descr "Capacitor SMD 0805 (2012 Metric), square (rectangular) end terminal, IPC_7351 nominal with elongated pad for handsoldering. (Body size source: https://docs.google.com/spreadsheets/d/1BsfQQcO9C6DZCsRaXUlFlo91Tg2WpOkGARC1WS5S8t0/edit?usp=sharing), generated with kicad-footprint-generator")
    (tags "capacitor handsolder")
    (path /5D99B7BA/5D9E658B)
    (attr smd)
    (fp_text reference C206 (at 0 -1.75 180) (layer B.SilkS)
      (effects (font (size 1 1) (thickness 0.15)) (justify mirror))
    )
    (fp_text value 100n (at -3.75 0 180) (layer B.SilkS)
      (effects (font (size 1 1) (thickness 0.15)) (justify mirror))
    )
    (fp_text user %R (at 0 0 180) (layer B.Fab)
      (effects (font (size 0.5 0.5) (thickness 0.08)) (justify mirror))
    )
    (fp_line (start 1.85 -0.95) (end -1.85 -0.95) (layer B.CrtYd) (width 0.05))
    (fp_line (start 1.85 0.95) (end 1.85 -0.95) (layer B.CrtYd) (width 0.05))
    (fp_line (start -1.85 0.95) (end 1.85 0.95) (layer B.CrtYd) (width 0.05))
    (fp_line (start -1.85 -0.95) (end -1.85 0.95) (layer B.CrtYd) (width 0.05))
    (fp_line (start -0.261252 -0.71) (end 0.261252 -0.71) (layer B.SilkS) (width 0.12))
    (fp_line (start -0.261252 0.71) (end 0.261252 0.71) (layer B.SilkS) (width 0.12))
    (fp_line (start 1 -0.6) (end -1 -0.6) (layer B.Fab) (width 0.1))
    (fp_line (start 1 0.6) (end 1 -0.6) (layer B.Fab) (width 0.1))
    (fp_line (start -1 0.6) (end 1 0.6) (layer B.Fab) (width 0.1))
    (fp_line (start -1 -0.6) (end -1 0.6) (layer B.Fab) (width 0.1))
    (pad 2 smd roundrect (at 1.025 0 180) (size 1.15 1.4) (layers B.Cu B.Paste B.Mask) (roundrect_rratio 0.217391)
      (net 1 GND))
    (pad 1 smd roundrect (at -1.025 0 180) (size 1.15 1.4) (layers B.Cu B.Paste B.Mask) (roundrect_rratio 0.217391)
      (net 3 -12V))
    (model ${KISYS3DMOD}/Capacitor_SMD.3dshapes/C_0805_2012Metric.wrl
      (at (xyz 0 0 0))
      (scale (xyz 1 1 1))
      (rotate (xyz 0 0 0))
    )
  )

  (module Capacitor_SMD:C_0805_2012Metric_Pad1.15x1.40mm_HandSolder (layer B.Cu) (tedit 5B36C52B) (tstamp 5D9A47C9)
    (at 61.75 79.5 180)
    (descr "Capacitor SMD 0805 (2012 Metric), square (rectangular) end terminal, IPC_7351 nominal with elongated pad for handsoldering. (Body size source: https://docs.google.com/spreadsheets/d/1BsfQQcO9C6DZCsRaXUlFlo91Tg2WpOkGARC1WS5S8t0/edit?usp=sharing), generated with kicad-footprint-generator")
    (tags "capacitor handsolder")
    (path /5D99B7BA/5DC961C3)
    (attr smd)
    (fp_text reference C207 (at 0 -1.75) (layer B.SilkS)
      (effects (font (size 1 1) (thickness 0.15)) (justify mirror))
    )
    (fp_text value 47n (at 3.25 -3.25 180) (layer B.SilkS)
      (effects (font (size 1 1) (thickness 0.15)) (justify mirror))
    )
    (fp_line (start -1 -0.6) (end -1 0.6) (layer B.Fab) (width 0.1))
    (fp_line (start -1 0.6) (end 1 0.6) (layer B.Fab) (width 0.1))
    (fp_line (start 1 0.6) (end 1 -0.6) (layer B.Fab) (width 0.1))
    (fp_line (start 1 -0.6) (end -1 -0.6) (layer B.Fab) (width 0.1))
    (fp_line (start -0.261252 0.71) (end 0.261252 0.71) (layer B.SilkS) (width 0.12))
    (fp_line (start -0.261252 -0.71) (end 0.261252 -0.71) (layer B.SilkS) (width 0.12))
    (fp_line (start -1.85 -0.95) (end -1.85 0.95) (layer B.CrtYd) (width 0.05))
    (fp_line (start -1.85 0.95) (end 1.85 0.95) (layer B.CrtYd) (width 0.05))
    (fp_line (start 1.85 0.95) (end 1.85 -0.95) (layer B.CrtYd) (width 0.05))
    (fp_line (start 1.85 -0.95) (end -1.85 -0.95) (layer B.CrtYd) (width 0.05))
    (fp_text user %R (at 0 0 180) (layer B.Fab)
      (effects (font (size 0.5 0.5) (thickness 0.08)) (justify mirror))
    )
    (pad 1 smd roundrect (at -1.025 0 180) (size 1.15 1.4) (layers B.Cu B.Paste B.Mask) (roundrect_rratio 0.217391)
      (net 16 "Net-(C207-Pad1)"))
    (pad 2 smd roundrect (at 1.025 0 180) (size 1.15 1.4) (layers B.Cu B.Paste B.Mask) (roundrect_rratio 0.217391)
      (net 29 "Net-(C207-Pad2)"))
    (model ${KISYS3DMOD}/Capacitor_SMD.3dshapes/C_0805_2012Metric.wrl
      (at (xyz 0 0 0))
      (scale (xyz 1 1 1))
      (rotate (xyz 0 0 0))
    )
  )

  (module Capacitor_SMD:C_0805_2012Metric_Pad1.15x1.40mm_HandSolder (layer B.Cu) (tedit 5B36C52B) (tstamp 5D9A47DA)
    (at 61.975 84.25 180)
    (descr "Capacitor SMD 0805 (2012 Metric), square (rectangular) end terminal, IPC_7351 nominal with elongated pad for handsoldering. (Body size source: https://docs.google.com/spreadsheets/d/1BsfQQcO9C6DZCsRaXUlFlo91Tg2WpOkGARC1WS5S8t0/edit?usp=sharing), generated with kicad-footprint-generator")
    (tags "capacitor handsolder")
    (path /5D99B7BA/5DC520F7)
    (attr smd)
    (fp_text reference C208 (at 0.225 1.75 180) (layer B.SilkS)
      (effects (font (size 1 1) (thickness 0.15)) (justify mirror))
    )
    (fp_text value 47n (at -3.275 1.75 180) (layer B.SilkS)
      (effects (font (size 1 1) (thickness 0.15)) (justify mirror))
    )
    (fp_text user %R (at 0 0 180) (layer B.Fab)
      (effects (font (size 0.5 0.5) (thickness 0.08)) (justify mirror))
    )
    (fp_line (start 1.85 -0.95) (end -1.85 -0.95) (layer B.CrtYd) (width 0.05))
    (fp_line (start 1.85 0.95) (end 1.85 -0.95) (layer B.CrtYd) (width 0.05))
    (fp_line (start -1.85 0.95) (end 1.85 0.95) (layer B.CrtYd) (width 0.05))
    (fp_line (start -1.85 -0.95) (end -1.85 0.95) (layer B.CrtYd) (width 0.05))
    (fp_line (start -0.261252 -0.71) (end 0.261252 -0.71) (layer B.SilkS) (width 0.12))
    (fp_line (start -0.261252 0.71) (end 0.261252 0.71) (layer B.SilkS) (width 0.12))
    (fp_line (start 1 -0.6) (end -1 -0.6) (layer B.Fab) (width 0.1))
    (fp_line (start 1 0.6) (end 1 -0.6) (layer B.Fab) (width 0.1))
    (fp_line (start -1 0.6) (end 1 0.6) (layer B.Fab) (width 0.1))
    (fp_line (start -1 -0.6) (end -1 0.6) (layer B.Fab) (width 0.1))
    (pad 2 smd roundrect (at 1.025 0 180) (size 1.15 1.4) (layers B.Cu B.Paste B.Mask) (roundrect_rratio 0.217391)
      (net 30 "Net-(C208-Pad2)"))
    (pad 1 smd roundrect (at -1.025 0 180) (size 1.15 1.4) (layers B.Cu B.Paste B.Mask) (roundrect_rratio 0.217391)
      (net 9 "Net-(C208-Pad1)"))
    (model ${KISYS3DMOD}/Capacitor_SMD.3dshapes/C_0805_2012Metric.wrl
      (at (xyz 0 0 0))
      (scale (xyz 1 1 1))
      (rotate (xyz 0 0 0))
    )
  )

  (module Capacitor_SMD:C_0805_2012Metric_Pad1.15x1.40mm_HandSolder (layer B.Cu) (tedit 5B36C52B) (tstamp 5D9A47EB)
    (at 61.975 88.25 180)
    (descr "Capacitor SMD 0805 (2012 Metric), square (rectangular) end terminal, IPC_7351 nominal with elongated pad for handsoldering. (Body size source: https://docs.google.com/spreadsheets/d/1BsfQQcO9C6DZCsRaXUlFlo91Tg2WpOkGARC1WS5S8t0/edit?usp=sharing), generated with kicad-footprint-generator")
    (tags "capacitor handsolder")
    (path /5D99B7BA/5DC3DC71)
    (attr smd)
    (fp_text reference C209 (at 0 1.65 180) (layer B.SilkS)
      (effects (font (size 1 1) (thickness 0.15)) (justify mirror))
    )
    (fp_text value 47n (at -3.275 -1 180) (layer B.SilkS)
      (effects (font (size 1 1) (thickness 0.15)) (justify mirror))
    )
    (fp_line (start -1 -0.6) (end -1 0.6) (layer B.Fab) (width 0.1))
    (fp_line (start -1 0.6) (end 1 0.6) (layer B.Fab) (width 0.1))
    (fp_line (start 1 0.6) (end 1 -0.6) (layer B.Fab) (width 0.1))
    (fp_line (start 1 -0.6) (end -1 -0.6) (layer B.Fab) (width 0.1))
    (fp_line (start -0.261252 0.71) (end 0.261252 0.71) (layer B.SilkS) (width 0.12))
    (fp_line (start -0.261252 -0.71) (end 0.261252 -0.71) (layer B.SilkS) (width 0.12))
    (fp_line (start -1.85 -0.95) (end -1.85 0.95) (layer B.CrtYd) (width 0.05))
    (fp_line (start -1.85 0.95) (end 1.85 0.95) (layer B.CrtYd) (width 0.05))
    (fp_line (start 1.85 0.95) (end 1.85 -0.95) (layer B.CrtYd) (width 0.05))
    (fp_line (start 1.85 -0.95) (end -1.85 -0.95) (layer B.CrtYd) (width 0.05))
    (fp_text user %R (at 0 0 180) (layer B.Fab)
      (effects (font (size 0.5 0.5) (thickness 0.08)) (justify mirror))
    )
    (pad 1 smd roundrect (at -1.025 0 180) (size 1.15 1.4) (layers B.Cu B.Paste B.Mask) (roundrect_rratio 0.217391)
      (net 10 "Net-(C209-Pad1)"))
    (pad 2 smd roundrect (at 1.025 0 180) (size 1.15 1.4) (layers B.Cu B.Paste B.Mask) (roundrect_rratio 0.217391)
      (net 17 "Net-(C209-Pad2)"))
    (model ${KISYS3DMOD}/Capacitor_SMD.3dshapes/C_0805_2012Metric.wrl
      (at (xyz 0 0 0))
      (scale (xyz 1 1 1))
      (rotate (xyz 0 0 0))
    )
  )

  (module Capacitor_SMD:C_0805_2012Metric_Pad1.15x1.40mm_HandSolder (layer B.Cu) (tedit 5B36C52B) (tstamp 5D9A47FC)
    (at 62 91.5 180)
    (descr "Capacitor SMD 0805 (2012 Metric), square (rectangular) end terminal, IPC_7351 nominal with elongated pad for handsoldering. (Body size source: https://docs.google.com/spreadsheets/d/1BsfQQcO9C6DZCsRaXUlFlo91Tg2WpOkGARC1WS5S8t0/edit?usp=sharing), generated with kicad-footprint-generator")
    (tags "capacitor handsolder")
    (path /5D99B7BA/5DCE6B23)
    (attr smd)
    (fp_text reference C210 (at 0 1.65 180) (layer B.SilkS)
      (effects (font (size 1 1) (thickness 0.15)) (justify mirror))
    )
    (fp_text value 47n (at 3.75 2.25 180) (layer B.SilkS)
      (effects (font (size 1 1) (thickness 0.15)) (justify mirror))
    )
    (fp_text user %R (at 0 0 180) (layer B.Fab)
      (effects (font (size 0.5 0.5) (thickness 0.08)) (justify mirror))
    )
    (fp_line (start 1.85 -0.95) (end -1.85 -0.95) (layer B.CrtYd) (width 0.05))
    (fp_line (start 1.85 0.95) (end 1.85 -0.95) (layer B.CrtYd) (width 0.05))
    (fp_line (start -1.85 0.95) (end 1.85 0.95) (layer B.CrtYd) (width 0.05))
    (fp_line (start -1.85 -0.95) (end -1.85 0.95) (layer B.CrtYd) (width 0.05))
    (fp_line (start -0.261252 -0.71) (end 0.261252 -0.71) (layer B.SilkS) (width 0.12))
    (fp_line (start -0.261252 0.71) (end 0.261252 0.71) (layer B.SilkS) (width 0.12))
    (fp_line (start 1 -0.6) (end -1 -0.6) (layer B.Fab) (width 0.1))
    (fp_line (start 1 0.6) (end 1 -0.6) (layer B.Fab) (width 0.1))
    (fp_line (start -1 0.6) (end 1 0.6) (layer B.Fab) (width 0.1))
    (fp_line (start -1 -0.6) (end -1 0.6) (layer B.Fab) (width 0.1))
    (pad 2 smd roundrect (at 1.025 0 180) (size 1.15 1.4) (layers B.Cu B.Paste B.Mask) (roundrect_rratio 0.217391)
      (net 11 "Net-(C210-Pad2)"))
    (pad 1 smd roundrect (at -1.025 0 180) (size 1.15 1.4) (layers B.Cu B.Paste B.Mask) (roundrect_rratio 0.217391)
      (net 12 "Net-(C210-Pad1)"))
    (model ${KISYS3DMOD}/Capacitor_SMD.3dshapes/C_0805_2012Metric.wrl
      (at (xyz 0 0 0))
      (scale (xyz 1 1 1))
      (rotate (xyz 0 0 0))
    )
  )

  (module Capacitor_SMD:C_0805_2012Metric_Pad1.15x1.40mm_HandSolder (layer B.Cu) (tedit 5B36C52B) (tstamp 5D9A480D)
    (at 85.25 129 90)
    (descr "Capacitor SMD 0805 (2012 Metric), square (rectangular) end terminal, IPC_7351 nominal with elongated pad for handsoldering. (Body size source: https://docs.google.com/spreadsheets/d/1BsfQQcO9C6DZCsRaXUlFlo91Tg2WpOkGARC1WS5S8t0/edit?usp=sharing), generated with kicad-footprint-generator")
    (tags "capacitor handsolder")
    (path /5D99B7BA/5D9D8A51)
    (attr smd)
    (fp_text reference C211 (at 2.5 -0.25 180) (layer B.SilkS)
      (effects (font (size 1 1) (thickness 0.15)) (justify mirror))
    )
    (fp_text value 10u (at -2.75 0) (layer B.SilkS)
      (effects (font (size 1 1) (thickness 0.15)) (justify mirror))
    )
    (fp_line (start -1 -0.6) (end -1 0.6) (layer B.Fab) (width 0.1))
    (fp_line (start -1 0.6) (end 1 0.6) (layer B.Fab) (width 0.1))
    (fp_line (start 1 0.6) (end 1 -0.6) (layer B.Fab) (width 0.1))
    (fp_line (start 1 -0.6) (end -1 -0.6) (layer B.Fab) (width 0.1))
    (fp_line (start -0.261252 0.71) (end 0.261252 0.71) (layer B.SilkS) (width 0.12))
    (fp_line (start -0.261252 -0.71) (end 0.261252 -0.71) (layer B.SilkS) (width 0.12))
    (fp_line (start -1.85 -0.95) (end -1.85 0.95) (layer B.CrtYd) (width 0.05))
    (fp_line (start -1.85 0.95) (end 1.85 0.95) (layer B.CrtYd) (width 0.05))
    (fp_line (start 1.85 0.95) (end 1.85 -0.95) (layer B.CrtYd) (width 0.05))
    (fp_line (start 1.85 -0.95) (end -1.85 -0.95) (layer B.CrtYd) (width 0.05))
    (fp_text user %R (at 0 0 90) (layer B.Fab)
      (effects (font (size 0.5 0.5) (thickness 0.08)) (justify mirror))
    )
    (pad 1 smd roundrect (at -1.025 0 90) (size 1.15 1.4) (layers B.Cu B.Paste B.Mask) (roundrect_rratio 0.217391)
      (net 31 "Net-(C211-Pad1)"))
    (pad 2 smd roundrect (at 1.025 0 90) (size 1.15 1.4) (layers B.Cu B.Paste B.Mask) (roundrect_rratio 0.217391)
      (net 32 "Net-(C211-Pad2)"))
    (model ${KISYS3DMOD}/Capacitor_SMD.3dshapes/C_0805_2012Metric.wrl
      (at (xyz 0 0 0))
      (scale (xyz 1 1 1))
      (rotate (xyz 0 0 0))
    )
  )

  (module Capacitor_SMD:C_0805_2012Metric_Pad1.15x1.40mm_HandSolder (layer B.Cu) (tedit 5B36C52B) (tstamp 5D9A481E)
    (at 58.5 121)
    (descr "Capacitor SMD 0805 (2012 Metric), square (rectangular) end terminal, IPC_7351 nominal with elongated pad for handsoldering. (Body size source: https://docs.google.com/spreadsheets/d/1BsfQQcO9C6DZCsRaXUlFlo91Tg2WpOkGARC1WS5S8t0/edit?usp=sharing), generated with kicad-footprint-generator")
    (tags "capacitor handsolder")
    (path /5D99B7BA/5E1E3C96)
    (attr smd)
    (fp_text reference C212 (at -0.25 -1.5) (layer B.SilkS)
      (effects (font (size 1 1) (thickness 0.15)) (justify mirror))
    )
    (fp_text value 10u (at -3.5 0) (layer B.SilkS)
      (effects (font (size 1 1) (thickness 0.15)) (justify mirror))
    )
    (fp_text user %R (at 0 0) (layer B.Fab)
      (effects (font (size 0.5 0.5) (thickness 0.08)) (justify mirror))
    )
    (fp_line (start 1.85 -0.95) (end -1.85 -0.95) (layer B.CrtYd) (width 0.05))
    (fp_line (start 1.85 0.95) (end 1.85 -0.95) (layer B.CrtYd) (width 0.05))
    (fp_line (start -1.85 0.95) (end 1.85 0.95) (layer B.CrtYd) (width 0.05))
    (fp_line (start -1.85 -0.95) (end -1.85 0.95) (layer B.CrtYd) (width 0.05))
    (fp_line (start -0.261252 -0.71) (end 0.261252 -0.71) (layer B.SilkS) (width 0.12))
    (fp_line (start -0.261252 0.71) (end 0.261252 0.71) (layer B.SilkS) (width 0.12))
    (fp_line (start 1 -0.6) (end -1 -0.6) (layer B.Fab) (width 0.1))
    (fp_line (start 1 0.6) (end 1 -0.6) (layer B.Fab) (width 0.1))
    (fp_line (start -1 0.6) (end 1 0.6) (layer B.Fab) (width 0.1))
    (fp_line (start -1 -0.6) (end -1 0.6) (layer B.Fab) (width 0.1))
    (pad 2 smd roundrect (at 1.025 0) (size 1.15 1.4) (layers B.Cu B.Paste B.Mask) (roundrect_rratio 0.217391)
      (net 18 "Net-(C212-Pad2)"))
    (pad 1 smd roundrect (at -1.025 0) (size 1.15 1.4) (layers B.Cu B.Paste B.Mask) (roundrect_rratio 0.217391)
      (net 13 "Net-(C212-Pad1)"))
    (model ${KISYS3DMOD}/Capacitor_SMD.3dshapes/C_0805_2012Metric.wrl
      (at (xyz 0 0 0))
      (scale (xyz 1 1 1))
      (rotate (xyz 0 0 0))
    )
  )

  (module Capacitor_THT:CP_Radial_D10.0mm_P5.00mm (layer F.Cu) (tedit 5AE50EF1) (tstamp 5D9A48EA)
    (at 67.5 96.5)
    (descr "CP, Radial series, Radial, pin pitch=5.00mm, , diameter=10mm, Electrolytic Capacitor")
    (tags "CP Radial series Radial pin pitch 5.00mm  diameter 10mm Electrolytic Capacitor")
    (path /5D99B7BA/5DFE0F73)
    (fp_text reference C213 (at 2.5 -6.25) (layer F.SilkS)
      (effects (font (size 1 1) (thickness 0.15)))
    )
    (fp_text value Opt_220u (at 11.5 0) (layer F.SilkS)
      (effects (font (size 1 1) (thickness 0.15)))
    )
    (fp_circle (center 2.5 0) (end 7.5 0) (layer F.Fab) (width 0.1))
    (fp_circle (center 2.5 0) (end 7.62 0) (layer F.SilkS) (width 0.12))
    (fp_circle (center 2.5 0) (end 7.75 0) (layer F.CrtYd) (width 0.05))
    (fp_line (start -1.788861 -2.1875) (end -0.788861 -2.1875) (layer F.Fab) (width 0.1))
    (fp_line (start -1.288861 -2.6875) (end -1.288861 -1.6875) (layer F.Fab) (width 0.1))
    (fp_line (start 2.5 -5.08) (end 2.5 5.08) (layer F.SilkS) (width 0.12))
    (fp_line (start 2.54 -5.08) (end 2.54 5.08) (layer F.SilkS) (width 0.12))
    (fp_line (start 2.58 -5.08) (end 2.58 5.08) (layer F.SilkS) (width 0.12))
    (fp_line (start 2.62 -5.079) (end 2.62 5.079) (layer F.SilkS) (width 0.12))
    (fp_line (start 2.66 -5.078) (end 2.66 5.078) (layer F.SilkS) (width 0.12))
    (fp_line (start 2.7 -5.077) (end 2.7 5.077) (layer F.SilkS) (width 0.12))
    (fp_line (start 2.74 -5.075) (end 2.74 5.075) (layer F.SilkS) (width 0.12))
    (fp_line (start 2.78 -5.073) (end 2.78 5.073) (layer F.SilkS) (width 0.12))
    (fp_line (start 2.82 -5.07) (end 2.82 5.07) (layer F.SilkS) (width 0.12))
    (fp_line (start 2.86 -5.068) (end 2.86 5.068) (layer F.SilkS) (width 0.12))
    (fp_line (start 2.9 -5.065) (end 2.9 5.065) (layer F.SilkS) (width 0.12))
    (fp_line (start 2.94 -5.062) (end 2.94 5.062) (layer F.SilkS) (width 0.12))
    (fp_line (start 2.98 -5.058) (end 2.98 5.058) (layer F.SilkS) (width 0.12))
    (fp_line (start 3.02 -5.054) (end 3.02 5.054) (layer F.SilkS) (width 0.12))
    (fp_line (start 3.06 -5.05) (end 3.06 5.05) (layer F.SilkS) (width 0.12))
    (fp_line (start 3.1 -5.045) (end 3.1 5.045) (layer F.SilkS) (width 0.12))
    (fp_line (start 3.14 -5.04) (end 3.14 5.04) (layer F.SilkS) (width 0.12))
    (fp_line (start 3.18 -5.035) (end 3.18 5.035) (layer F.SilkS) (width 0.12))
    (fp_line (start 3.221 -5.03) (end 3.221 5.03) (layer F.SilkS) (width 0.12))
    (fp_line (start 3.261 -5.024) (end 3.261 5.024) (layer F.SilkS) (width 0.12))
    (fp_line (start 3.301 -5.018) (end 3.301 5.018) (layer F.SilkS) (width 0.12))
    (fp_line (start 3.341 -5.011) (end 3.341 5.011) (layer F.SilkS) (width 0.12))
    (fp_line (start 3.381 -5.004) (end 3.381 5.004) (layer F.SilkS) (width 0.12))
    (fp_line (start 3.421 -4.997) (end 3.421 4.997) (layer F.SilkS) (width 0.12))
    (fp_line (start 3.461 -4.99) (end 3.461 4.99) (layer F.SilkS) (width 0.12))
    (fp_line (start 3.501 -4.982) (end 3.501 4.982) (layer F.SilkS) (width 0.12))
    (fp_line (start 3.541 -4.974) (end 3.541 4.974) (layer F.SilkS) (width 0.12))
    (fp_line (start 3.581 -4.965) (end 3.581 4.965) (layer F.SilkS) (width 0.12))
    (fp_line (start 3.621 -4.956) (end 3.621 4.956) (layer F.SilkS) (width 0.12))
    (fp_line (start 3.661 -4.947) (end 3.661 4.947) (layer F.SilkS) (width 0.12))
    (fp_line (start 3.701 -4.938) (end 3.701 4.938) (layer F.SilkS) (width 0.12))
    (fp_line (start 3.741 -4.928) (end 3.741 4.928) (layer F.SilkS) (width 0.12))
    (fp_line (start 3.781 -4.918) (end 3.781 -1.241) (layer F.SilkS) (width 0.12))
    (fp_line (start 3.781 1.241) (end 3.781 4.918) (layer F.SilkS) (width 0.12))
    (fp_line (start 3.821 -4.907) (end 3.821 -1.241) (layer F.SilkS) (width 0.12))
    (fp_line (start 3.821 1.241) (end 3.821 4.907) (layer F.SilkS) (width 0.12))
    (fp_line (start 3.861 -4.897) (end 3.861 -1.241) (layer F.SilkS) (width 0.12))
    (fp_line (start 3.861 1.241) (end 3.861 4.897) (layer F.SilkS) (width 0.12))
    (fp_line (start 3.901 -4.885) (end 3.901 -1.241) (layer F.SilkS) (width 0.12))
    (fp_line (start 3.901 1.241) (end 3.901 4.885) (layer F.SilkS) (width 0.12))
    (fp_line (start 3.941 -4.874) (end 3.941 -1.241) (layer F.SilkS) (width 0.12))
